bbl,newbldgarea,oldbldgarea,difference
2039297501,107643,009203399,9095756
2039377501,2207763,009203399,6995636
2039387501,2402218,009203399,6801181
2039437501,2409161,009203399,6794238
2039627501,94794,003911254,3816460
1015367501,638814,001858121,1219307
1015377501,650624,001858121,1207497
1007027501,3001515,004111184,1109669
2039447501,2812639,003911254,1098615
1009627501,1153372,002076426,923054
3044147501,52920,000924761,871841
1012657501,2117061,002963699,846638
1000057501,559271,001354691,795420
1010477501,523693,001237706,714013
1010497501,2103820,002797249,693429
1000047501,1888126,002542563,654437
4019137501,88783,000699956,611173
4019107501,90325,000699956,609631
4009467501,11666,000620346,608680
4009497501,25400,000620346,594946
4009727501,34998,000620346,585348
4009747501,51182,000620346,569164
4009487501,51302,000620346,569044
4010077501,55829,000620346,564517
4049787502,36731,600002,563271
4009737501,67489,000620346,552857
4010097501,72631,000620346,547715
4010087501,77569,000620346,542777
4019117501,178069,000699956,521887
4009477501,109287,000620346,511059
3044157501,421206,000924761,503555
3044237501,423957,000924761,500804
1013027501,1270270,001760893,490623
1000627501,1690747,002139035,448288
1018467501,185295,000632707,447412
3045157501,224515,000658262,433747
3021807501,52656,000476310,423654
3021757501,52656,000476310,423654
3021387501,52716,000476310,423594
3021717501,61432,000476310,414878
3045167501,248830,000658262,409432
1010027501,1793091,002200404,407313
3023487501,17332,000424587,407255
4050667501,1591806,001997508,405702
1000847501,561157,000959910,398753
1010907502,839703,001234867,395164
3021667501,83647,000476310,392663
1010277501,665696,001050872,385176
1018457501,251334,000632707,381373
3023247502,268010,000632007,363997
1002487501,1094309,001451246,356937
1011057501,632629,000978663,346034
3021687501,140955,000476310,335355
4019127501,368854,000699956,331102
1012617501,1204839,001529036,324197
1012967502,1241644,001562144,320500
1010197502,1028336,001346418,318082
1009367501,869426,001171064,301638
1013137501,1103169,001402032,298863
4076217502,176672,000475216,298544
1010517502,1008670,001285029,276359
1009207501,200417,000476739,276322
3001497501,1148280,001420963,272683
2030277501,101741,000371258,269517
3023327502,365596,000632007,266411
5012787501,145560,000411952,266392
1013147502,760700,001013617,252917
1008387501,316572,000568820,252248
1000747501,744146,000995083,250937
1008127501,27945,000272725,244780
1011717510,630198,000866992,236794
1014647502,243321,000476089,232768
1008897501,977745,001205501,227756
1011167501,968442,001182195,213753
3080587501,30576,000240491,209915
1012927502,583015,000791233,208218
3014677501,28792,234287,205495
1012627502,488441,000691519,203078
1010137501,789726,000991439,201713
1000157501,1202417,001402831,200414
1006077503,533883,000728292,194409
1014207501,848848,001032457,183609
1010697501,562325,000743083,180758
3075767501,488934,000665111,176177
1010737501,538277,000712141,173864
1001377502,103856,000274175,170319
3019577501,29701,000199617,169916
3019597501,31025,000199617,168592
1010477502,703796,000870000,166204
3001567502,789331,000954162,164831
4010107501,94222,000256485,162263
1000167508,429205,000590974,161769
4010117501,95261,000256485,161224
1013607501,303391,000464072,160681
1012097502,32250,000191009,158759
3019587501,40905,000199617,158712
1001427501,770447,000928915,158468
4159327501,16599,000174699,158100
1010117501,498293,000654775,156482
4159317501,19813,000174699,154886
4159047501,20386,000174699,154313
1001327501,119928,000274175,154247
1000257501,377483,000530168,152685
1013407501,713461,000865222,151761
1001237501,857524,001008544,151020
4056877501,11214,000160200,148986
4000067502,522805,000671698,148893
4056887501,12816,000160200,147384
4056707501,12816,000160200,147384
1010087503,700403,000847000,146597
1009947501,1041794,001188090,146296
1010327501,508695,000650500,141805
1011147503,695701,000837002,141301
1013457502,9503,150768,141265
1000317501,542247,000683289,141042
1008277501,4620,144899,140279
1001007502,900766,001040589,139823
4055987501,20826,000160200,139374
1008067502,434250,000571378,137128
1009187501,396248,000531892,135644
1000267501,810798,000944252,133454
1011657503,435775,000568662,132887
1008417501,99398,000231828,132430
1012927501,626593,000756693,130100
1010477503,813798,000941351,127553
1010407501,626821,000752861,126040
1010387501,3280,000128578,125298
1005127502,99287,000224409,125122
5004877501,338858,000463785,124927
3074597501,241518,000365289,123771
1011717509,541114,000663895,122781
1000447501,461169,000583639,122470
1003527501,320601,000441570,120969
4039167501,38777,000159720,120943
1015997502,364007,000484897,120890
1011407501,617105,000737506,120401
4055997501,41652,000160200,118548
1000717501,462377,000580000,117623
3054687502,41463,000158994,117531
4056697501,43254,000160200,116946
1014237501,366603,000483495,116892
1009697501,413297,000530000,116703
4050457501,267309,000383600,116291
1010897502,954682,001069903,115221
1008627503,317446,000432311,114865
1007017502,301475,000414521,113046
1013047501,1554144,001666763,112619
1013417503,357793,000469819,112026
4004187501,15240,126485,111245
1004917503,284451,000395075,110624
1012877501,804216,000914767,110551
3083507501,60240,000170304,110064
3083437501,60590,000170304,109714
1012477501,70781,000179844,109063
1008577503,367944,000475685,107741
3082737501,190426,000298092,107666
1011717507,523496,000630525,107029
4050667503,245806,000352672,106866
1008077501,473783,000579715,105932
1011717505,321950,000427256,105306
1001237502,610351,000715320,104969
1010097501,532465,000636916,104451
1013207501,256015,000360110,104095
4021117501,577426,000680488,103062
1015397502,349653,000451617,101964
1008007504,249981,000351608,101627
4159337501,73138,000174699,101561
3015037501,64479,000165529,101050
1000167517,407751,000508458,100707
1014387501,403993,000504238,100245
1015157502,339465,000439280,99815
1017467501,355544,000455211,99667
1011157503,588256,000687320,99064
4009057501,308286,000407200,98914
1012697501,404693,000503000,98307
1011137502,521228,000618334,97106
1010737502,246132,000342928,96796
1008887501,55880,000151686,95806
5016447501,37228,000132796,95568
3080607501,145080,000240491,95411
4082927502,78012,000172967,94955
1000327501,3583167,003678000,94833
3003107502,47266,000141335,94069
1010157501,589617,000682843,93226
4067137501,361600,000454660,93060
1006367503,264976,000357933,92957
1016077503,354089,000447011,92922
1011717504,297199,000389568,92369
5054377501,7029,000099375,92346
1009687501,457946,000550141,92195
2055597501,291401,000383062,91661
3020337502,1602,93191,91589
3001527501,405981,000497018,91037
1013147501,295086,000385721,90635
1008517505,146499,000236790,90291
1000167514,344863,000434680,89817
5070547502,57224,000146937,89713
1012727503,257501,000346858,89357
1010297501,529883,000618403,88520
1002177503,225630,000313991,88361
1000707501,255763,000343902,88139
1015437501,291734,000379873,88139
5070487502,25750,000113120,87370
1012917501,364639,000451845,87206
1010107506,637803,000724798,86995
1012317501,327793,000414593,86800
1013397502,217163,000303754,86591
1000277501,188278,000274516,86238
1011707502,423311,000509111,85800
3087837501,6186,000091316,85130
1010907501,434119,000518416,84297
1000907501,336447,000420470,84023
1000537502,312633,000396477,83844
1010487503,257885,000341429,83544
1000767502,388570,000472059,83489
4004377501,441484,000524274,82790
3054747502,45013,000127473,82460
4161747502,15780,000098222,82442
3087897501,103078,000185434,82356
1012687502,1246882,001329229,82347
3021067502,256303,000337601,81298
4139417501,45100,000126005,80905
1013127501,453533,000534244,80711
1000247501,239204,000319910,80706
1008647502,885162,000964505,79343
1000157502,179856,000259076,79220
1010607502,257222,000336338,79116
5024507506,116843,000195678,78835
3072797501,767493,000846120,78627
1014837501,154610,000233223,78613
3054687501,49447,000127473,78026
4082917501,94955,000172967,78012
1011407502,209555,000287538,77983
1015447501,177061,000254708,77647
1014877502,292013,000368801,76788
4005767501,75634,000152204,76570
1010037501,450162,000526729,76567
1010447501,257556,000333966,76410
3054747501,83049,000158994,75945
3002447501,220991,000296555,75564
1011717506,219648,000295205,75557
1019247502,14877,000089359,74482
1010817502,326404,000399963,73559
1008397502,327019,000399477,72458
1008637502,89790,000161252,71462
3001337501,304647,000375600,70953
1014157501,251954,000322852,70898
1010057501,221937,000292546,70609
1014847501,467115,000537491,70376
1019597501,232076,000301565,69489
4082917502,64680,000133980,69300
3003047501,89012,000157822,68810
3000367504,354231,000422950,68719
1013077501,373078,000441516,68438
2056437502,28542,000096752,68210
1018337503,323200,000390628,67428
3015077501,98150,000165529,67379
3066097501,7782,75054,67272
5070557504,46096,000113120,67024
1008097501,110130,000177075,66945
1018337502,323725,000390628,66903
1008567502,274281,000341125,66844
1012687503,279886,000346700,66814
1018337501,323840,000390628,66788
1018337504,324023,000390628,66605
4000067501,228309,000294821,66512
1005707501,262814,000329175,66361
1010177501,1918805,001984990,66185
1014647501,201251,000267235,65984
1013277502,197109,000262473,65364
5070487501,81796,000146937,65141
1011157501,556414,000621304,64890
4082907501,69300,000133980,64680
5054387501,35145,000099375,64230
1015507501,212760,000276771,64011
1008267501,282140,000345972,63832
2027487501,29825,000093600,63775
1012967501,240827,000304137,63310
5000017501,117900,000180775,62875
1012747504,715226,000777983,62757
1000277502,724299,000786942,62643
3001647502,231289,000293308,62019
1013167501,403099,000464419,61320
1015157503,340749,000402015,61266
1008597501,202855,000263972,61117
1009287503,191225,000252188,60963
1014917501,152811,000213234,60423
1015427501,425743,000485961,60218
1019027501,36269,000096482,60213
3002777501,430264,000490375,60111
1010067502,1440995,001501000,60005
2027497501,33615,000093600,59985
1011647501,233330,000293224,59894
1002027501,176254,000235963,59709
1010067501,332705,000392397,59692
1012277501,5836,000065523,59687
1013447503,215384,000274924,59540
4049957501,306,000059412,59106
1008777501,89730,000148806,59076
3010277501,158063,000217120,59057
1014557501,377313,000436168,58855
1018687501,395377,000454038,58661
5019927502,59100,000117483,58383
3003057501,82978,000141335,58357
1011387501,289899,000347922,58023
1010187502,267396,000325122,57726
5070407501,55424,000113120,57696
5014897501,20593,000078200,57607
1006027501,282969,000340372,57403
3002457501,772178,000829576,57398
3050837503,2754,59650,56896
5012227501,37890,000094611,56721
1015397501,389668,000445989,56321
1015147502,398184,000453927,55743
4031047501,1344,57079,55735
4051357502,212459,000268168,55709
4067977501,108627,000164160,55533
1003467501,224741,000280261,55520
1015137501,272113,000327619,55506
5070557503,54490,000109840,55350
1012107501,172965,000228193,55228
2059037501,111194,000166379,55185
1013977503,175074,000230164,55090
1010867501,368195,000423250,55055
1012947501,190608,000245468,54860
1009627502,800802,000855290,54488
4020757501,162781,000217143,54362
3024687501,174953,000229075,54122
5008227501,10845,000064931,54086
1000167510,251929,000305973,54044
1011717501,546985,000600967,53982
4136787501,18144,000072108,53964
4158177501,109935,000163752,53817
5016917501,23834,000077348,53514
1014047503,124816,000178251,53435
1011717502,637497,000690772,53275
1016747501,371721,000424623,52902
4114177501,149850,000202489,52639
1000167505,204572,000257092,52520
1005807501,351759,000404273,52514
4114317501,146372,000198707,52335
1012737501,198816,000251073,52257
1010737503,133274,000185351,52077
1019017501,44418,000096482,52064
1018697503,243410,000295292,51882
4097627501,38337,000089640,51303
1012597502,379888,000431000,51112
1000687501,149564,000200610,51046
1014667501,319152,000370100,50948
5014957501,105792,000156589,50797
1012827501,411780,000462417,50637
4114317502,148156,000198687,50531
1010517503,219215,000269492,50277
5014957502,101352,000151534,50182
1008907501,259254,000309398,50144
2024417501,111460,000161524,50064
1010267501,342142,000392153,50011
4114177502,149463,000199444,49981
1005707503,122272,000172252,49980
1009997501,426430,000476317,49887
4051347502,76795,000126367,49572
1011637503,201315,000250656,49341
1011257502,206585,000255908,49323
1010717501,243309,000292381,49072
4021497501,131823,000180834,49011
1011397503,702044,000750946,48902
1000557501,400490,000449355,48865
1009037501,94593,000143356,48763
1014197503,343069,000391630,48561
1014617501,258451,000306928,48477
2023517501,113262,000161524,48262
1001757506,83596,000131817,48221
1012477502,144500,000192701,48201
1015557501,176330,000224509,48179
1009447502,356238,000404375,48137
1000167520,377325,000425407,48082
1010487501,218208,000266115,47907
1013657502,236322,000284189,47867
4096517501,252342,000300145,47803
1005947503,151428,000199216,47788
1011427502,149314,000196953,47639
1008947501,110958,000158571,47613
1008687502,185140,000232631,47491
1012607502,122920,000170367,47447
5014917501,30903,000078200,47297
1014497501,216565,000263853,47288
1014737501,175694,000222899,47205
2057887501,74467,000121472,47005
5008237501,18040,000064931,46891
1010637502,127219,000173915,46696
3015357501,8004,000054600,46596
1000167521,289251,000335784,46533
1011317502,566036,000612462,46426
1010427502,216153,000262508,46355
1001937501,84191,000130088,45897
3015107501,8003,000053760,45757
1011377501,396861,000442560,45699
1011717503,322451,000368150,45699
1018517501,314997,000360660,45663
5020867501,14754,000060416,45662
1018327502,314041,000359602,45561
1011657501,159086,000204634,45548
1011167502,160124,000205665,45541
1013037501,165538,000210781,45243
1021347504,172822,000218032,45210
1015347501,221576,000266776,45200
2023817501,107696,000152699,45003
1008987501,165390,000210278,44888
1000917502,176514,000221213,44699
1011137501,199635,000244100,44465
1008037502,119248,000163650,44402
1008507503,253543,000297900,44357
3071297501,79051,000123377,44326
1018527501,588459,000632743,44284
1014167501,244134,000288394,44260
4031007502,129932,000174052,44120
3023717501,199037,000243156,44119
1012537502,130121,000174000,43879
1012267502,262783,000306605,43822
1000937501,181605,000225368,43763
5030247501,44940,000088620,43680
1008517501,363054,000406656,43602
4012707501,170708,000214300,43592
1008147501,294785,000338274,43489
5012237501,51126,000094611,43485
1002127501,98583,000142000,43417
1009357501,82420,000125776,43356
3000317503,82761,000125985,43224
4050447501,274269,000317260,42991
4007697501,321650,000364390,42740
1000167509,194762,000237270,42508
1011317501,199773,000241774,42001
3010467501,5499,000047419,41920
1011257501,100098,000141885,41787
1000167501,179174,000220821,41647
1009287504,103830,000144784,40954
1011587507,390682,000431350,40668
3027217503,49432,000089717,40285
1000167519,233010,000273018,40008
4015277501,99481,000139464,39983
1004097502,137000,000176960,39960
1011387503,93148,000132902,39754
4115477501,16819,000056330,39511
1011387502,436485,000475923,39438
1011507504,101727,000141108,39381
5024507509,137206,000176455,39249
3053227501,90551,000129767,39216
1011827501,113128,000152076,38948
1000167513,523677,000562340,38663
3022347501,7330,000045690,38360
1013927501,193124,000231346,38222
1010167501,487156,000525266,38110
3003477503,19240,000057000,37760
1007757502,177552,000215254,37702
3072697501,157347,000195018,37671
1013297501,131902,000169438,37536
3054627501,23331,000060863,37532
4050177503,56507,000093932,37425
1012187501,113279,000150704,37425
1015177502,155381,000192705,37324
3067397503,3978,000041239,37261
5016597501,95568,000132796,37228
1019297504,101943,000139130,37187
5020897501,23292,000060416,37124
1012907501,112387,000149493,37106
1011327501,210910,000248013,37103
1009117502,24086,000061100,37014
1014387502,105201,000142209,37008
1009087501,26998,000063828,36830
1012237503,301776,000338376,36600
1014147502,97321,000133851,36530
4161127501,81703,000118192,36489
1007667502,136095,000172584,36489
1004747506,117024,000153500,36476
1000167515,251430,000287819,36389
3000457501,351674,000388000,36326
1014297502,217806,000254038,36232
1015087501,108847,000145015,36168
4000217501,214774,000250720,35946
5019937502,30603,000066543,35940
4161137501,62146,000098058,35912
1015547501,149477,000185343,35866
1014837502,81980,000117739,35759
1014567501,159166,000194920,35754
1001717503,105353,000141014,35661
3054697501,25229,000060863,35634
1013367502,135186,000170778,35592
1018897502,181961,000217469,35508
1010207502,160008,000195190,35182
5005797501,138052,000173172,35120
3018877502,25272,000060350,35078
1014707501,186267,000221307,35040
1014397501,126193,000161224,35031
1008117501,193534,000228518,34984
3029077501,68938,000103921,34983
4005967502,9635,000044484,34849
1001497502,111277,000146093,34816
4045427501,49139,000083952,34813
1008177503,139901,000174519,34618
1015057502,302439,000337042,34603
1007757501,109490,000143991,34501
3024307501,1838,000036123,34285
1001007501,160157,000194294,34137
5020887501,26400,000060416,34016
1011677503,194153,000228147,33994
1001737504,132235,000166215,33980
1018287506,32354,000066215,33861
1014137501,63158,000097000,33842
1012367502,147241,000180864,33623
1008557501,116577,000150100,33523
1007687502,87047,000120545,33498
1012607503,446678,000480166,33488
1010637503,122775,000156099,33324
5030057501,60048,000093348,33300
1014107503,133729,000167023,33294
1008057502,598594,000631862,33268
3017547502,106746,000140000,33254
1002127504,245510,000278746,33236
3024947501,77028,000110256,33228
4136797501,38880,000072108,33228
3057857501,66472,000099642,33170
1013797502,173037,000206166,33129
1006957503,265686,000298794,33108
1016007503,94491,000127564,33073
1012377501,121524,000154587,33063
1012817501,323029,000356057,33028
2033177501,116918,000149937,33019
3011817501,106819,000139838,33019
5000017503,149890,000182861,32971
1008037501,66868,000099833,32965
1003037502,11752,000044673,32921
1006017501,222677,000255575,32898
1011677502,275897,000308707,32810
1007977506,15866,000048591,32725
1018947501,174081,000206780,32699
3003417502,24315,000057000,32685
5028327501,88618,000121176,32558
1013737503,126281,000158770,32489
3020757501,79330,000111804,32474
1012067501,101658,000133945,32287
2043407502,95006,000127290,32284
1000187501,334718,000366993,32275
5021407501,172519,000204771,32252
1013777502,65689,000097877,32188
4068027501,98039,000130200,32161
3015027501,8300,000040340,32040
5035857501,134673,000166712,32039
1008497508,118121,000150159,32038
5053037501,113001,000145000,31999
1002397501,81961,000113956,31995
1000167518,230066,000262021,31955
1018897501,166832,000198628,31796
3054957503,58217,000090000,31783
1009447501,88135,000119913,31778
1011417501,73400,000105147,31747
3063817501,1575,33284,31709
1012297502,157166,000188874,31708
1000167511,157584,000189273,31689
5004877502,73693,000105374,31681
1016217501,71951,000103600,31649
3004137501,78779,000110250,31471
1020457501,224416,000255868,31452
1008317502,74551,000105973,31422
1020967501,75753,000107100,31347
3001467501,129410,160577,31167
1014737502,126273,000157260,30987
5024507515,87233,000118031,30798
1013237501,169891,000200679,30788
2057237501,81632,000112390,30758
1018487503,128243,000158954,30711
5020007501,35940,000066543,30603
1018917502,101838,000132377,30539
1013207505,169384,000199738,30354
4000347502,95865,000126103,30238
1008947504,94292,000124293,30001
4001617501,51600,000081570,29970
4091777501,74295,000104225,29930
3024037501,120119,000150000,29881
3017877501,132338,000162178,29840
3067827506,60420,000090089,29669
1019287506,98860,000128517,29657
2024217501,101586,000131233,29647
1013497501,196542,000226139,29597
1015197501,178063,000207626,29563
1009157501,206121,000235574,29453
1007677505,274965,000304312,29347
4030987505,2149,000031493,29344
1010287502,98341,000127647,29306
1006997502,98610,000127715,29105
1008567503,151016,000180112,29096
1007347501,144658,000173726,29068
1008057501,111225,000140247,29022
3022637507,99744,000128756,29012
1013227501,154071,000183000,28929
4049727501,110163,000139068,28905
4000347501,130984,000159872,28888
1013387502,101315,000130200,28885
5008247501,36046,000064931,28885
1014977501,131838,000160719,28881
3087137501,122058,000150822,28764
1011687501,280723,000309449,28726
1011517503,294332,000323054,28722
4039167505,79853,000108555,28702
4049467501,61219,000089902,28683
1013947501,139973,000168588,28615
1019257501,60883,000089359,28476
3020617502,239146,000267543,28397
4101407501,23823,000052200,28377
1015277501,70723,000099039,28316
1011147501,169100,000197400,28300
4012637501,99824,000128050,28226
1006917502,91665,000119876,28211
1008167501,123964,000152152,28188
3084707501,50862,000078980,28118
1013737504,212021,000240117,28096
1013757501,70177,000098246,28069
1005847501,106765,000134774,28009
4015187501,117518,000145341,27823
3000287502,57668,000085477,27809
4050407502,184586,000212277,27691
4050397509,79315,000107000,27685
1008597502,142131,000169785,27654
1007947501,90401,000118000,27599
1000167502,123284,000150855,27571
4000167501,199706,000227257,27551
1007237502,135533,000163064,27531
1010117502,349853,000377353,27500
1000397501,90163,000117641,27478
3003417501,19053,000046515,27462
1000697502,344914,000372364,27450
3022517501,24904,000052318,27414
1016007502,130496,000157823,27327
1001497501,59814,000087136,27322
1014047501,83161,000110269,27108
1011717508,451749,000478828,27079
5024507508,65921,000093000,27079
1008927502,121435,000148455,27020
1012027501,112854,000139841,26987
1013367501,110149,000137127,26978
1006257501,132846,000159790,26944
1016077502,96980,000123753,26773
1008197502,43097,000069864,26767
1008187501,144461,000171178,26717
2057777501,32320,000059005,26685
4022647501,441890,000468546,26656
4017067501,128389,000155026,26637
1012377502,165749,000192324,26575
1006917501,118137,000144588,26451
3004767501,134943,000161372,26429
1013107502,144569,000170944,26375
1006407501,164753,000191094,26341
1019457504,153681,000180000,26319
1013097502,127933,000154226,26293
1004827504,81696,000107896,26200
4033787501,35023,000061216,26193
1008497504,185471,000211636,26165
4073537501,18635,000044790,26155
5016927501,51272,000077348,26076
1013317501,130409,000156476,26067
1010807501,247294,000273120,25826
4068317502,67511,000093282,25771
1005317501,156849,000182605,25756
1015667501,149171,000174927,25756
1012197501,151348,000177053,25705
3013327504,57650,000083355,25705
1000167516,505985,000531665,25680
4018427501,104985,000130600,25615
1011147502,138506,000164080,25574
1014567502,39057,000064630,25573
1009127502,213548,000239054,25506
4012677501,94548,000120000,25452
1011657505,115708,000141099,25391
3015407501,29233,000054600,25367
1013207502,53839,000079200,25361
1001907503,82955,000108300,25345
1008687501,67879,000093180,25301
1009407501,193347,000218567,25220
1008927503,118614,000143822,25208
3066527501,62116,000087314,25198
3003477501,21395,000046515,25120
1012537503,183177,000208241,25064
1000167506,81667,000106631,24964
4050367501,51370,000076330,24960
4006137501,87574,000112482,24908
1013227502,97459,000122349,24890
1007387501,101034,000125914,24880
1003927501,64774,000089531,24757
4068017503,49609,000074345,24736
1014077501,88955,000113524,24569
1009437501,924200,000948744,24544
1013987501,233269,000257793,24524
1008207505,684465,000708834,24369
1012727501,85989,000110280,24291
3051317501,5140,000029412,24272
1010087502,76364,000100613,24249
1018827502,117395,000141552,24157
3024607501,140836,000164950,24114
1015577502,97249,000121305,24056
4114257502,99408,000123424,24016
4031157501,125589,000149558,23969
1012847501,127585,000151552,23967
4031737501,132396,000156351,23955
1011517501,385502,000409295,23793
1001887505,70758,000094532,23774
3067607503,3729,000027500,23771
3023407501,182864,000206621,23757
1013867501,72041,000095707,23666
3000327501,59244,000082877,23633
1012287501,143389,000166952,23563
3051747501,11310,000034864,23554
1005767501,58516,000082017,23501
1018257501,36839,000060290,23451
1013887501,148586,000172006,23420
1011207501,218996,000242415,23419
1018707502,150289,000173686,23397
1018427501,92525,000115824,23299
2026907503,128670,000151965,23295
1004737502,55693,000078982,23289
3009437501,22806,000046056,23250
1015807501,104462,000127680,23218
3017717501,4285,000027500,23215
2057917501,44685,000067891,23206
4101497501,29117,000052200,23083
1007987505,43864,000066937,23073
4050667502,174323,000197318,22995
1014967501,164587,000187564,22977
1013687501,74683,000097636,22953
1000167507,106271,000129176,22905
4022207501,96356,000119194,22838
3009347504,23250,000046056,22806
5000017502,77266,000100071,22805
1018337507,106501,000129297,22796
1014417501,208802,000231493,22691
1000797502,56789,000079470,22681
3031517503,65783,000088427,22644
1008487502,133923,000156506,22583
1013697501,63426,000085992,22566
3087207503,92244,000114772,22528
1018697502,76453,000098950,22497
1012627501,139397,000161835,22438
1007677502,73496,000095919,22423
4015367501,82585,000105000,22415
4031027501,45091,000067502,22411
3087207504,92406,000114772,22366
1019237501,65082,000087400,22318
3087207507,92455,000114772,22317
1002187501,172207,000194486,22279
5024527503,121401,000143640,22239
1015787501,98881,000121120,22239
1014517501,184553,000206747,22194
1008007501,62582,000084772,22190
1010777501,91366,000113479,22113
3086797501,116565,000138675,22110
1006247503,123604,000145696,22092
1021797501,91152,000113244,22092
1012397502,70322,000092402,22080
3087207510,93642,000115687,22045
1015777502,130725,000152729,22004
1016217502,50805,000072801,21996
2023647501,57586,000079529,21943
1006077502,83082,000105000,21918
1018467503,69340,000091226,21886
1002197501,81407,000103279,21872
1009177501,113264,000135128,21864
1005047501,65473,000087285,21812
3001427501,107073,000128800,21727
3087207514,93105,000114772,21667
1008657501,64660,000086314,21654
2023687501,95567,000117206,21639
4000407501,45368,000066926,21558
1012637501,133983,000155513,21530
1015837501,93708,000115223,21515
1014367501,100343,000121855,21512
1014147501,94371,000115880,21509
1012297501,59153,000080629,21476
3020137501,42089,000063540,21451
1018717502,113202,000134627,21425
3023637502,46121,000067530,21409
3069407501,87805,000109200,21395
3018867501,20279,000041663,21384
4073547501,23440,000044790,21350
3022907502,56208,000077414,21206
3087207512,157188,000178383,21195
1015307501,36208,000057355,21147
3018937505,243,000021368,21125
1013997502,46479,000067589,21110
3066537501,44712,000065808,21096
4033217503,27318,000048400,21082
1011477501,187911,000208965,21054
4040197501,116957,000138000,21043
1002287502,149519,000170548,21029
1003777503,86711,000107740,21029
1010757501,95905,000116904,20999
1009107501,67138,000088126,20988
1003497501,40686,000061673,20987
1008077502,401085,000422039,20954
1007587501,286520,000307467,20947
3001597501,203663,000224600,20937
1014607501,129238,000150146,20908
1008017503,68865,000089762,20897
1011427501,98110,000119000,20890
1018457502,82820,000103699,20879
3001657501,228246,000249114,20868
1020697501,170807,000191518,20711
3000537501,358551,000379258,20707
1011987502,28599,000049296,20697
3055907502,52673,000073312,20639
1014737504,87450,000108075,20625
1015697503,103375,000123982,20607
1001757504,86640,000107222,20582
1007937508,56136,000076676,20540
1001727504,73624,000094147,20523
1004417503,74269,000094773,20504
1001757501,80149,000100650,20501
1021647501,114097,000134589,20492
1001727501,117020,000137500,20480
1005967501,430887,000451314,20427
3004447502,28609,000049007,20398
4030547501,17827,000038165,20338
3003647501,45832,000066159,20327
2028317501,51376,000071601,20225
1005617502,127932,000148128,20196
1010267502,233098,000253253,20155
1021357501,58636,000078638,20002
1012407502,103516,000123497,19981
1011417502,216606,000236544,19938
1010217501,43994,000063879,19885
4051057504,48663,000068523,19860
3080897502,25592,000045408,19816
3021347503,172270,000191889,19619
1017287501,6145,000025760,19615
3057077501,44924,000064521,19597
1020947501,66483,000086020,19537
1009117503,182477,000201949,19472
3052567501,46664,000066060,19396
3002367502,135255,000154606,19351
1015847501,280670,000300000,19330
1001407501,87895,000107190,19295
1000167503,86763,000106052,19289
1013397501,71322,000090605,19283
4033397501,115195,000134457,19262
1011507505,62671,000081865,19194
1006107501,106769,000125939,19170
2057717501,124772,000143886,19114
1018877501,71303,000090386,19083
1000647502,148239,000167280,19041
1006427502,147927,000166965,19038
4097387501,31151,000050071,18920
1020447501,290144,000309027,18883
1000167504,72913,000091774,18861
1015267501,215126,000233959,18833
4113967501,41516,000060324,18808
1012327502,128324,000147112,18788
1007977501,65623,000084375,18752
3002497502,37628,000056350,18722
3087207505,68033,000086734,18701
1014577501,38213,000056899,18686
1015317501,284702,000303383,18681
1012107502,64656,000083286,18630
1014107501,123092,000141722,18630
1008577502,56580,000075206,18626
1013847502,143673,000162274,18601
1014997501,56395,000074988,18593
1006957506,42413,000060964,18551
1001887502,76176,000094723,18547
3062537502,35910,000054373,18463
3001457501,266456,000284913,18457
1018827501,47387,000065822,18435
3066547501,38302,000056725,18423
5019657501,3672,000022076,18404
1013427501,107510,000125881,18371
1005447501,102792,000121158,18366
1007667504,49841,000068206,18365
1010117505,76615,000094975,18360
3052407501,87233,000105592,18359
1010277504,181683,000200000,18317
1001907505,111829,000130094,18265
2058577501,52897,000071146,18249
2043077501,41825,000060040,18215
4049777501,69480,000087612,18132
4051347501,151909,000170000,18091
1012337501,62625,000080669,18044
4006137502,129934,000147927,17993
4020917501,1008,18984,17976
1002767503,39197,000057151,17954
1011267502,56164,000074052,17888
1002227502,70622,000088496,17874
1014337502,118381,000136176,17795
1006097502,47076,000064847,17771
3087207502,137981,000155742,17761
4052947501,67272,000085000,17728
1013897503,64415,000082115,17700
5024527501,94699,000112392,17693
1013447501,49892,000067540,17648
1008207504,58594,000076230,17636
1011587506,253970,000271602,17632
3021327502,61758,000079364,17606
1013707501,47399,000065000,17601
3067847502,1829,19424,17595
3071247501,53309,000070885,17576
4005967503,19882,000037433,17551
1018937502,86200,000103749,17549
4050487504,4638,000022144,17506
1011697502,73791,000091271,17480
1007427501,35239,000052698,17459
1009947503,152686,000170144,17458
1012717501,162553,000180000,17447
1004697505,47724,000065155,17431
5006317501,68887,000086283,17396
2030047501,216464,000233853,17389
5054397501,82005,000099375,17370
1010617501,41531,000058851,17320
1000407501,289494,000306787,17293
1005897501,53542,000070782,17240
1016077501,105576,000122755,17179
1012237502,45221,000062389,17168
4021127501,114862,000132000,17138
3066787501,42593,000059692,17099
3022387504,44697,000061764,17067
1015187501,81461,000098516,17055
4084017501,49164,000066200,17036
3087727503,21481,000038485,17004
1013387501,73428,000090405,16977
3014987501,23366,000040340,16974
4051357501,68158,000085120,16962
3067827504,1123,18039,16916
4002677503,36876,000053696,16820
2059237501,275568,000292370,16802
1005217505,58788,000075515,16727
4001607501,69337,000086040,16703
1014987501,86236,000102934,16698
2055297502,49511,000066143,16632
1018317502,32569,000049200,16631
1006967502,40760,000057388,16628
1005077502,34610,000051184,16574
1007387504,56600,000073172,16572
1008867501,48547,000065112,16565
1005597501,88971,000105525,16554
4065427501,73316,000089850,16534
2057807501,78551,000095061,16510
1012387501,170019,000186499,16480
4051937506,35630,000052102,16472
1008667501,68728,000085194,16466
5045007501,92401,000108864,16463
4162287501,29937,000046362,16425
2033607501,174183,000190600,16417
1013847501,58898,000075292,16394
1009987501,919865,000936254,16389
1001737501,136112,000152495,16383
3020497501,58424,000074779,16355
1007937506,47287,000063638,16351
1005947505,77913,000094226,16313
1015777501,94886,000111177,16291
3011047508,15693,000031977,16284
1020947503,60342,000076598,16256
2025167501,24297,000040500,16203
1012167502,76805,000093004,16199
5070547501,93672,000109840,16168
3062537504,1071,000017214,16143
1014537501,62546,000078635,16089
1007147501,504210,000520296,16086
4019417501,25995,000042058,16063
3054287501,1377,17373,15996
5002507501,48509,000064500,15991
1001407502,66167,000082151,15984
4050107502,60120,000076099,15979
4050227503,38643,000054600,15957
1015697501,93546,000109500,15954
4005707504,23915,000039861,15946
1003457502,52461,000068396,15935
1004697506,96581,000112516,15935
1001907504,158730,000174625,15895
3050547502,28540,000044403,15863
1012747502,80293,000096137,15844
4024767501,35567,000051341,15774
4051057503,22879,000038652,15773
4050407501,72176,000087947,15771
1017557501,28575,000044345,15770
1013417501,82062,000097800,15738
1018697501,72520,000088242,15722
3086767503,53276,000068986,15710
1016027501,97000,000112700,15700
1005957508,32690,000048386,15696
1001347503,97299,000112994,15695
1014467501,55096,000070776,15680
1013207506,244862,000260540,15678
1007987507,43238,000058905,15667
4049717502,37140,000052796,15656
3051857501,47359,000063000,15641
1018377501,72427,000088060,15633
3037737501,3165,000018750,15585
3011317501,60626,000076162,15536
1012777501,39990,000055474,15484
1001817503,38213,000053685,15472
3022637508,108694,000124127,15433
2042267501,743316,000758733,15417
3003397503,73131,000088516,15385
1002177504,99251,000114622,15371
3088057501,51112,000066469,15357
3029077503,39705,000055053,15348
1001627501,31785,000047122,15337
1007947502,31627,000046948,15321
1001357504,298408,000313716,15308
4017797501,75461,000090764,15303
5003277501,15874,000031160,15286
1018687502,191489,000206767,15278
1014097501,41607,000056871,15264
1003847503,27506,000042752,15246
3023827502,80531,000095768,15237
1007987502,109366,000124597,15231
1015117502,49891,000065104,15213
1013307501,60429,000075623,15194
4015407501,52244,000067432,15188
1007787501,58194,000073371,15177
2032497501,37460,000052625,15165
1015107501,137006,000152120,15114
1011447501,41571,000056648,15077
1007537502,38405,000053449,15044
3067957501,918,15948,15030
1006957508,41719,000056706,14987
1013797504,56729,000071707,14978
1007697503,126041,000141015,14974
1007797501,46933,000061884,14951
1000417503,66470,000081412,14942
4004147501,50776,000065710,14934
1014697501,285018,000299947,14929
1007967504,106279,000121206,14927
1019437502,52046,000066936,14890
1020467501,49075,000063961,14886
1000287501,93544,000108373,14829
3023217501,37651,000052477,14826
4051927503,19924,000034746,14822
3064947501,51228,000065971,14743
3011717501,52312,000067038,14726
1005767502,104825,000119533,14708
1005947504,57372,000072079,14707
1013357501,227872,000242577,14705
1004847502,171062,000185717,14655
4004087501,28045,000042643,14598
3087207501,139328,000153893,14565
1014937501,38550,000053084,14534
3017887503,12968,000027500,14532
4050057502,95877,000110400,14523
3073257501,42424,000056935,14511
3025217503,1565,16075,14510
4031717501,56870,000071316,14446
3016487501,17451,000031863,14412
1006907501,58700,000073107,14407
3087207511,112048,000126438,14390
1004567501,55583,000069969,14386
3066817501,37620,000051991,14371
4014867501,15116,000029474,14358
3004037508,43992,000058350,14358
1013497502,27062,000041406,14344
1015167501,39396,000053726,14330
1018887503,101927,000116255,14328
4004297502,32285,000046604,14319
2031037501,34453,000048750,14297
1015177501,61058,000075335,14277
1007167505,42632,000056876,14244
1013657501,212621,000226828,14207
4020997502,118954,000133154,14200
1001417504,95010,000109200,14190
4012777501,49845,000064010,14165
3000327502,25463,000039615,14152
1017277501,138836,000152983,14147
1015997501,200755,000214870,14115
4005897501,67219,000081320,14101
3030327501,20183,000034277,14094
3002117502,30720,000044812,14092
3019927501,21676,000035755,14079
1014117501,62074,000076130,14056
3021787502,5071,19119,14048
3072427501,92400,000106431,14031
1013207504,74760,000088745,13985
1005587502,88911,000102882,13971
4063287501,35553,000049511,13958
1018307503,46543,000060455,13912
3010417502,22382,000036267,13885
1002007502,36207,000050089,13882
1007987503,21273,000035154,13881
1005307505,71134,000085000,13866
1006957504,39593,000053455,13862
1007977507,61968,000075828,13860
4053747504,1377,15200,13823
3072987502,29446,000043266,13820
1002087501,61750,000075528,13778
4098827501,37986,000051750,13764
4037067501,66793,000080541,13748
1008867503,63418,000077154,13736
1008807501,45212,000058946,13734
4004157502,123626,000137360,13734
4092317501,30094,000043798,13704
1011517502,236569,000250271,13702
3024707501,94075,000107771,13696
1012397501,47120,000060804,13684
1003537501,36891,000050563,13672
1008957501,52909,000066567,13658
3020047501,137224,000150880,13656
3010647501,35555,000049210,13655
2057257501,21358,000035000,13642
1014527501,51126,000064758,13632
3066787502,23662,000037257,13595
4058437501,247203,000260784,13581
3011647502,20204,000033736,13532
4051047503,21767,000035292,13525
3021117501,274202,000287707,13505
1010087501,106502,000120000,13498
1000167512,628200,000641681,13481
5010397501,8295,000021759,13464
3018947501,46564,000060020,13456
1009337501,20593,000034041,13448
4051217502,35480,000048925,13445
3021347501,94844,000108285,13441
3015137501,3176,000016545,13369
1008497505,82363,000095705,13342
4001847501,46590,000059920,13330
3051417501,34845,000048171,13326
1013107501,63582,000076904,13322
3050607502,20284,000033574,13290
1008427502,89289,000102552,13263
3015057501,3296,000016545,13249
1001357508,12118,000025367,13249
1008737501,31082,000044321,13239
1008417502,62883,000076116,13233
1007167503,70730,000083950,13220
5028627501,38208,000051425,13217
1008667502,76896,000090113,13217
1001877501,50240,000063450,13210
4098437501,20065,000033250,13185
1008587502,90118,000103290,13172
4000477501,45405,000058572,13167
3002657501,34214,000047380,13166
1007987506,112400,000125560,13160
4044147504,45886,000059040,13154
1011507503,65725,000078877,13152
1018817502,46657,000059769,13112
1001337510,22268,000035377,13109
3002787502,41086,000054176,13090
1008757503,69244,000082333,13089
2030667501,22309,000035390,13081
1018817501,94023,000107102,13079
1008607501,46918,000059993,13075
3014917502,3477,000016545,13068
1002347501,36740,000049719,12979
1005137503,51881,000064859,12978
4020907501,69403,000082378,12975
1004867503,53332,000066295,12963
4031007501,53365,000066324,12959
3002717501,53920,000066878,12958
1011437504,38936,000051860,12924
4014337501,60879,000073800,12921
1017357501,35720,000048614,12894
1000417501,32466,000045352,12886
3023037502,35685,000048567,12882
3025497501,82605,000095450,12845
3008667501,22467,000035299,12832
3022427504,27224,000040048,12824
1015157501,49627,000062438,12811
4141427501,17788,000030591,12803
4014437501,48142,000060900,12758
1008867502,47957,000060713,12756
1006317502,82830,000095573,12743
4050487503,22835,000035573,12738
4000307502,47885,000060607,12722
1007177501,41639,000054355,12716
3013627501,40452,000053128,12676
1020427502,56180,000068836,12656
3023397502,9260,21913,12653
3010347501,13500,000026142,12642
1013467503,45871,000058510,12639
1016817502,25851,000038481,12630
1020997501,30498,000043123,12625
4000617501,78238,000090861,12623
3058187501,54575,000067198,12623
4050507502,19203,000031825,12622
3011327503,24293,000036885,12592
3020117501,69966,000082557,12591
4018377501,64528,000077106,12578
1012337502,47549,000060115,12566
1018297501,88258,000100805,12547
1005697501,58702,000071239,12537
1008407501,53775,000066282,12507
1014197501,181711,000194198,12487
1013037502,67316,000079756,12440
1006187504,60292,000072718,12426
3074627502,31297,000043667,12370
1004597502,26790,000039145,12355
1020957501,65865,000078216,12351
4051927504,18673,000031009,12336
3022427505,31276,000043597,12321
3014037501,23422,000035732,12310
3067037501,36440,000048742,12302
1006357501,30113,000042407,12294
1001907509,59134,000071413,12279
5060247501,44640,000056885,12245
3024067501,33725,000045963,12238
3067687501,27084,000039305,12221
1001737503,78126,000090339,12213
1014367502,57942,000070151,12209
4001967501,15435,000027636,12201
1015327501,52734,000064921,12187
1008207501,42845,000055025,12180
1004947503,30100,000042271,12171
3054197501,2145,14313,12168
3073537501,60714,000072854,12140
1012207503,42640,000054778,12138
4039167504,88504,000100620,12116
3080137501,25593,000037702,12109
3013327502,31359,000043447,12088
1012517501,82055,000094142,12087
3022677503,28149,000040232,12083
1005447503,100754,000112820,12066
1021327501,36763,000048826,12063
4030997501,19510,000031568,12058
1006467501,80330,000092379,12049
3074127501,75531,000087563,12032
4013097501,25101,000037125,12024
3015147501,11134,000023157,12023
1007467502,41918,000053937,12019
1004997505,38310,000050323,12013
1012107504,58773,000070786,12013
1012507503,48508,000060480,11972
3030547503,36714,000048675,11961
1000797503,61193,000073121,11928
4051867505,34663,000046586,11923
1013957503,100554,000112451,11897
1000957501,31175,000043070,11895
2055987501,36704,000048580,11876
1008367501,47963,000059833,11870
1007937501,58705,000070572,11867
4050107504,36577,000048443,11866
3011247504,19410,000031264,11854
3023517501,138233,000150082,11849
1013207503,55652,000067498,11846
3058597501,29852,000041690,11838
1018807501,43092,000054911,11819
3064057502,24110,000035928,11818
1007957501,120468,000132282,11814
3011717503,31618,000043424,11806
3050547501,48020,000059825,11805
4098307502,21550,000033349,11799
1008237503,55764,000067560,11796
3023097501,48922,000060697,11775
1009947502,289391,000301118,11727
4051937502,62308,000074032,11724
1008507502,49423,000061147,11724
2057647501,63033,000074713,11680
1004897502,62753,000074428,11675
3010537503,33433,000045100,11667
4021857501,35040,000046667,11627
1004517502,76583,000088208,11625
4001597501,43384,000054986,11602
4012687501,54528,000066083,11555
1008027501,66740,000078274,11534
3055937514,38043,000049505,11462
1015407501,33969,000045420,11451
1016387501,74067,000085511,11444
4004307502,20840,000032282,11442
1012097501,44732,000056156,11424
4051377503,110686,000122097,11411
4049817501,104712,000116100,11388
1002947502,27517,000038887,11370
1015647502,96420,000107790,11370
4017737504,14356,000025711,11355
3018907501,47621,000058976,11355
1013107503,58813,000070125,11312
1018267501,37325,000048636,11311
3030637501,11308,000022616,11308
4018557501,60718,000072000,11282
1017457503,37166,000048440,11274
1004807503,24053,000035315,11262
3067217501,37990,000049251,11261
1010537503,57360,000068579,11219
4017817502,15505,000026704,11199
3050557501,28256,000039440,11184
3062417501,24848,000036030,11182
3074657501,14692,000025861,11169
2046687501,18154,000029320,11166
1021347501,41311,000052476,11165
3015097502,12023,000023157,11134
3021357501,34209,000045336,11127
3022997501,140389,000151502,11113
4030817501,38275,000049343,11068
1003437501,45289,000056354,11065
4016057501,13787,000024850,11063
1012357501,52445,000063506,11061
4031117501,9708,000020735,11027
4031107501,9708,000020735,11027
3009647505,63431,000074452,11021
1001327503,49402,000060415,11013
1018237501,47419,000058429,11010
3083747501,53349,000064324,10975
1017837501,28389,000039358,10969
1005907502,72987,000083935,10948
3069197508,36067,000047015,10948
4030707501,31691,000042624,10933
1011507502,27582,000038497,10915
3085587501,37408,000048320,10912
3018967502,39580,000050480,10900
1010677503,85439,000096337,10898
4161697501,46820,000057715,10895
3050607501,17310,000028202,10892
3023447502,36615,000047500,10885
4058637501,149636,000160520,10884
1007177504,36424,000047306,10882
1002747501,21923,000032802,10879
1013417505,71206,000082000,10794
3053677502,53289,000064077,10788
4049807502,20806,000031594,10788
3058687501,56276,000067059,10783
4000477502,29206,000039975,10769
3069247501,24440,000035200,10760
1014877501,47043,000057785,10742
3067407501,74271,000085003,10732
3058717501,15521,000026245,10724
3086687503,21444,000032158,10714
4098307501,29291,000039989,10698
3021377502,48713,000059400,10687
3056237511,726,000011411,10685
1007187503,45684,000056348,10664
3009547501,17698,000028350,10652
3055537501,15372,000026020,10648
3065807503,23418,000034042,10624
1014067503,70828,000081449,10621
3013497501,26658,000037275,10617
1005317504,45071,000055688,10617
3056197501,24590,000035200,10610
1016137501,71715,000082314,10599
4050047501,78596,000089180,10584
1012437502,24557,000035130,10573
3024717501,6378,000016931,10553
1007757503,60703,000071250,10547
1010647502,70937,000081467,10530
1014927501,101390,000111920,10530
1017297502,15234,000025760,10526
1001357501,111474,000122000,10526
4050397510,20150,000030665,10515
1013807501,98550,000109028,10478
2054867501,35071,000045531,10460
4022677501,30465,000040911,10446
1007977508,55378,000065823,10445
4033217501,55553,000065990,10437
2036517501,59053,000069476,10423
5035437501,68480,000078903,10423
1004807502,27953,000038356,10403
1013197501,50504,000060900,10396
3074407501,68531,000078912,10381
3008587501,33079,000043452,10373
1006377505,66871,000077231,10360
1011397501,64717,000075069,10352
4001597502,48586,000058926,10340
1008927501,39049,000049386,10337
3066087501,50266,000060600,10334
3000367503,41455,000051781,10326
3057017501,35045,000045368,10323
1020417504,22910,000033230,10320
3023587501,30073,000040385,10312
1001807512,31071,000041382,10311
1008577501,54522,000064830,10308
3027887501,27670,000037978,10308
3063837501,19692,000029996,10304
1006367501,28572,000038871,10299
1020457505,9225,000019492,10267
3007777501,4791,000015000,10209
5002517501,41348,000051552,10204
4012847502,7100,000017300,10200
4050247501,91440,000101624,10184
3007697501,19807,000029978,10171
3016037501,21636,000031793,10157
2043407501,106050,000116200,10150
4016037501,27989,000038135,10146
3023507501,165465,000175604,10139
1010767501,73634,000083754,10120
3021067501,33581,000043689,10108
2055977501,25797,000035900,10103
1002467501,56553,000066649,10096
4042527501,77708,000087800,10092
1016447501,25837,000035917,10080
4018377502,39356,000049435,10079
1002367503,39561,000049633,10072
1002987501,25132,000035180,10048
3079667501,34452,000044482,10030
1004677501,29182,000039182,10000
3072987503,29155,000039154,9999
1007637502,65791,000075774,9983
1003537503,24281,000034261,9980
1010117503,91075,000101037,9962
4050487502,68659,000078620,9961
3058687502,23201,000033158,9957
3016347501,6596,000016545,9949
2056067503,23670,000033618,9948
1011627501,54079,000064023,9944
1003877501,1772,000011703,9931
3065797502,15576,000025487,9911
2046477501,83545,000093447,9902
1000527502,64510,000074409,9899
4067987503,17113,000027010,9897
4155577501,63968,000073860,9892
3021357502,34299,000044191,9892
1002127503,81052,000090918,9866
3068267501,306,000010167,9861
1008797503,35504,000045355,9851
3014847501,1394,000011244,9850
3086767502,16602,000026449,9847
1001817504,133010,000142848,9838
1016527501,158521,000168350,9829
1011177502,100177,000110001,9824
4115497501,46507,000056330,9823
4033407501,75133,000084954,9821
5042297501,70226,000080040,9814
1002187504,45838,000055649,9811
2049397501,576,000010385,9809
2057457501,53622,000063429,9807
3016997501,112207,000122013,9806
3022377519,23405,000033201,9796
3014747501,13515,000023273,9758
3021297502,50828,000060569,9741
3067827503,20859,000030595,9736
3018997505,17354,000027054,9700
3013007501,21369,000031068,9699
3076897501,25588,000035286,9698
1005947509,23552,000033250,9698
3023797501,1794,11488,9694
1014477502,102719,000112407,9688
3019697501,49712,000059400,9688
4004317501,20672,000030358,9686
3013627502,36900,000046584,9684
1012747501,47314,000056986,9672
3002867505,40419,000050086,9667
1020517501,104739,000114401,9662
1015037501,44291,000053933,9642
1017897501,63700,000073341,9641
3004367501,14748,000024379,9631
3020447502,23584,000033206,9622
3027497504,19362,000028980,9618
1021807504,36085,000045699,9614
3017347508,16656,000026260,9604
1005107502,197207,000206798,9591
4067977503,74178,000083763,9585
1005527501,57826,000067409,9583
1011637501,52348,000061922,9574
1007957502,30769,000040339,9570
3017557503,65845,000075400,9555
4020827501,220100,000229635,9535
1001807508,33334,000042860,9526
3021297508,18206,000027720,9514
3087927502,30298,000039798,9500
4049717503,29594,000039091,9497
1002177501,91497,000100984,9487
2056067501,20172,000029645,9473
4033597501,113179,000122647,9468
1021117501,41626,000051085,9459
4003707501,19823,000029269,9446
3067577504,918,10348,9430
4033427501,40716,000050141,9425
1018447501,55898,000065314,9416
5015487502,62700,000072104,9404
3021357503,34892,000044291,9399
1008377501,128315,000137700,9385
1016297502,45402,000054777,9375
3021357506,33465,000042833,9368
4014627501,83943,000093297,9354
3010537501,25062,000034406,9344
4049547501,20769,000030104,9335
1007467506,39567,000048886,9319
3023787501,21118,000030434,9316
1013127502,246720,000256034,9314
5006107502,56080,000065392,9312
1006207501,56772,000066073,9301
1001807505,1000,000010300,9300
2022947501,81336,000090635,9299
4050267501,44622,000053920,9298
1004827502,75705,000085000,9295
4081367502,77759,000087035,9276
3021357505,33565,000042833,9268
3008997501,16315,000025572,9257
1016447502,17087,000026339,9252
1008177501,60752,000070000,9248
1005147505,36976,000046217,9241
3017637504,14966,000024200,9234
1014437501,15043,000024272,9229
1014917502,41668,000050888,9220
1014057501,26930,000036136,9206
1007977503,36401,000045603,9202
1006247505,46835,000056030,9195
3061187501,16801,000025992,9191
1005697504,51671,000060860,9189
1017217501,17906,000027073,9167
4022247501,48104,000057269,9165
3074677502,2400,000011557,9157
1005157501,36270,000045419,9149
3061337502,27976,000037122,9146
3002367503,57273,000066417,9144
3071357501,31909,000041000,9091
1005587503,60410,000069472,9062
1008497502,40748,000049801,9053
1011977501,46179,000055226,9047
1019037501,39080,000048125,9045
1007287501,46456,000055500,9044
4005867501,80217,000089254,9037
5006107501,56375,000065392,9017
1013417502,75357,000084362,9005
3002857501,52058,000061063,9005
1004627501,45751,000054745,8994
3080077501,27457,000036432,8975
3052877501,36063,000045030,8967
1004937501,24106,000033058,8952
3008217501,13553,000022504,8951
1006957502,36866,000045816,8950
3003587501,14568,000023516,8948
1008567504,28141,000037080,8939
1007977502,54079,000063015,8936
3059287501,10479,000019412,8933
1005777504,31874,000040805,8931
1017187501,20229,000029153,8924
1005587501,49895,000058779,8884
3055837501,28060,000036942,8882
1001897502,38012,000046870,8858
2042847501,108767,000117612,8845
3062537501,55961,000064800,8839
3087207506,68476,000077312,8836
3067057501,6165,000014983,8818
1012387503,130004,000138815,8811
1019437501,36667,000045436,8769
3021357504,35423,000044191,8768
1002827502,370,9138,8768
1013267501,207858,000216621,8763
1001937511,23205,000031962,8757
1007927501,31046,000039792,8746
1008447501,43819,000052564,8745
3022347502,17171,000025904,8733
5016517502,24602,000033334,8732
4050417504,23154,000031876,8722
3012017501,22072,000030792,8720
4050517501,29960,000038680,8720
1013767501,24544,000033255,8711
3013257501,21131,000029839,8708
4092317502,58975,000067680,8705
4005707501,22140,000030828,8688
3012937501,31383,000040060,8677
3079657501,29644,000038296,8652
1008007505,22675,000031312,8637
3003367502,15490,000024122,8632
1003987501,27040,000035664,8624
1000977503,24530,000033145,8615
3019677504,41402,000050008,8606
1006417503,40286,000048890,8604
1005677501,92481,000101073,8592
1006187501,124667,000133244,8577
1005107501,121505,000130076,8571
4049737501,281119,000289688,8569
1011847501,37408,000045968,8560
4017217501,32678,000041221,8543
3023427501,22169,000030712,8543
2029847501,70032,000078526,8494
3056177502,37508,000046000,8492
5011967501,21600,000030088,8488
3081817501,18084,000026569,8485
3067667501,20955,000029440,8485
1010427503,77094,000085575,8481
1005527504,40439,000048914,8475
1012037501,31470,000039942,8472
5051907501,91622,000100086,8464
1008697501,208968,000217421,8453
3019537502,29862,000038305,8443
3006777501,8959,000017400,8441
1012207504,52329,000060767,8438
1008227506,80907,000089288,8381
1001937509,26213,000034587,8374
1007237501,89203,000097563,8360
1015657501,43400,000051750,8350
1013897501,91399,000099740,8341
1004327501,26269,000034605,8336
3028277502,4620,000012950,8330
1015127502,54704,000063031,8327
1001337511,41533,000049858,8325
3076907501,22805,000031129,8324
1013777501,50250,000058566,8316
3009817501,135897,000144208,8311
3021327501,34330,000042621,8291
3088117501,16091,000024371,8280
1013907502,53144,000061407,8263
2033577501,71501,000079752,8251
3032387501,28040,000036283,8243
4051807502,29890,000038107,8217
3088237501,43156,000051360,8204
1004737501,62435,000070632,8197
3027417501,6604,000014794,8190
1012727502,54477,000062648,8171
3017637505,16043,000024200,8157
3017637501,16043,000024200,8157
1005947508,40933,000049060,8127
1009397501,136099,000144225,8126
4012667501,42894,000050996,8102
1013817501,17574,000025652,8078
4028517501,20419,000028493,8074
4044147505,66627,000074687,8060
4050277502,42628,000050660,8032
4050377506,28567,000036599,8032
1017107503,13443,000021472,8029
4005797502,52959,000060975,8016
3056907501,3200,000011200,8000
1005297508,61108,000069107,7999
3015157501,17643,000025632,7989
1007627502,28007,000035996,7989
4082867503,61856,000069844,7988
1000727501,20675,000028662,7987
3048377501,20362,000028348,7986
4021197501,159234,000167217,7983
1016817501,28886,000036859,7973
3066537502,10400,000018373,7973
1009287502,117566,000125537,7971
1013867502,37525,000045480,7955
3010667503,25777,000033728,7951
3017637503,16250,000024200,7950
4000577501,60484,000068430,7946
1016817503,25955,000033892,7937
3019247501,128636,000136548,7912
1004737505,36332,000044234,7902
3022357513,19543,000027443,7900
4024917501,18983,000026876,7893
1002067501,54678,000062567,7889
1015247501,94679,000102554,7875
4000457501,16995,000024870,7875
3021367503,15420,000023290,7870
1013427502,27526,000035395,7869
1002837503,27853,000035708,7855
4051257503,20429,000028262,7833
3001647501,238341,000246162,7821
3056377502,13918,000021726,7808
1012137503,28172,000035959,7787
1018467504,48821,000056598,7777
3007417501,46997,000054770,7773
1021347502,111052,000118809,7757
4024747501,29141,000036891,7750
1004817503,22740,000030488,7748
1005227502,53439,000061182,7743
1008857502,15382,000023122,7740
1005017501,55459,000063174,7715
1008747502,7073,000014780,7707
1010127501,1259189,001266887,7698
1008517502,21385,000029065,7680
1019557502,17833,000025512,7679
3022107506,10596,000018274,7678
3080897501,24079,000031749,7670
1002847501,18316,000025974,7658
1006907502,25528,000033183,7655
3054167501,17725,000025368,7643
3075937501,11648,000019280,7632
3034227501,6073,000013701,7628
1004207501,50737,000058364,7627
4050207503,56662,000064286,7624
1012467501,20815,000028436,7621
4004327502,9848,000017465,7617
3015717501,32775,000040370,7595
1006247502,19853,000027448,7595
3063727501,459,8025,7566
1004927503,26120,000033678,7558
1013957502,49749,000057302,7553
3008757501,8007,000015552,7545
3009647502,40330,000047871,7541
1004537501,39174,000046707,7533
3083697501,60870,000068400,7530
3006437506,21159,000028682,7523
1005937502,37298,000044820,7522
3032707501,21116,000028625,7509
1002207504,15507,000023000,7493
1014677501,15817,000023304,7487
1010717504,12030,000019515,7485
4033217506,94243,000101726,7483
4049777502,30577,000038036,7459
3087827502,31191,000038649,7458
3051307501,21670,000029125,7455
1002197505,27210,000034665,7455
4049707501,148953,000156383,7430
1004767502,36304,000043721,7417
1019447503,30438,000037848,7410
3052917501,29616,000037020,7404
1018217502,16691,000024090,7399
4018537504,921,000008319,7398
3075807501,31439,000038835,7396
1005947506,24791,000032168,7377
3011457502,25671,000033045,7374
1005867501,21878,000029250,7372
3075567501,16110,000023476,7366
3067827502,18068,000025430,7362
1013407502,132057,000139405,7348
1007347502,39324,000046661,7337
3010947501,17276,000024605,7329
3022387501,38361,000045690,7329
1010757502,43222,000050548,7326
3022487503,13403,000020728,7325
4018577501,15216,000022536,7320
3023147502,352,000007672,7320
1012347502,32860,000040170,7310
3050997501,17149,000024450,7301
1010107502,29045,000036339,7294
3053887501,14033,000021320,7287
3087937502,16114,000023400,7286
1001797507,23004,000030285,7281
1019087505,13081,000020348,7267
3061277502,73014,000080280,7266
4050397502,59305,000066560,7255
1015267502,168122,000175375,7253
1011397502,110804,000118055,7251
4015097501,82867,000090108,7241
1011187501,33307,000040545,7238
1006377501,41475,000048708,7233
3018857502,21553,000028782,7229
3052587501,48109,000055325,7216
4005497501,27611,000034821,7210
1007927505,31560,000038770,7210
3051977501,70765,000077963,7198
1008167503,59168,000066363,7195
1016807502,17986,000025174,7188
3022627505,17456,000024635,7179
3009617501,21301,000028476,7175
3012337502,9135,000016299,7164
3003427501,28858,000036000,7142
3074627501,60060,000067200,7140
4161377501,27134,000034270,7136
4039167503,95201,000102336,7135
3019007510,15911,000023046,7135
3019057501,117754,000124888,7134
1019887502,24178,000031308,7130
1001907502,3041,000010166,7125
1010107503,53038,000060161,7123
3022627504,17216,000024331,7115
3022627503,17216,000024331,7115
3048157501,28398,000035498,7100
3071167501,33003,000040092,7089
1018767501,26236,000033324,7088
4049597502,52881,000059963,7082
1002807501,23194,000030254,7060
1001407503,29569,000036608,7039
3006317501,16067,000023103,7036
1013777503,17477,000024508,7031
5024007501,204200,000211226,7026
1008517504,56343,000063368,7025
3079647501,18984,000026008,7024
3028937502,54803,000061811,7008
3022377516,16933,000023932,6999
4004167501,22902,000029900,6998
4050207502,51339,000058334,6995
3009457505,9111,000016104,6993
1001347504,23594,000030586,6992
3056377501,18913,000025900,6987
1018387501,40415,000047400,6985
3018867506,80014,000086991,6977
1012127502,29542,000036510,6968
1015087502,28014,000034979,6965
3018967503,39905,000046870,6965
1013257502,14447,000021410,6963
1018477503,22523,000029484,6961
3021477506,25317,000032277,6960
3053397503,18509,000025467,6958
1001977501,36244,000043200,6956
3050267501,15895,000022847,6952
1005297507,25574,000032520,6946
3061437501,12084,000019029,6945
1017537503,20091,000027035,6944
1005957505,26595,000033521,6926
4006537504,9786,000016711,6925
4033217505,57575,000064500,6925
3002997502,15848,000022756,6908
4049947501,27420,000034314,6894
3018847501,32917,000039807,6890
3003237503,32885,000039768,6883
3068197501,22320,000029200,6880
1018207501,29761,000036637,6876
3057147501,17433,000024298,6865
3003937502,13891,000020750,6859
3022307504,19903,000026762,6859
3067667503,18893,000025749,6856
3012727501,48501,000055356,6855
1004087501,28802,000035650,6848
1008487503,59722,000066566,6844
1003757501,27778,000034607,6829
4050637501,31331,000038140,6809
1018887501,32692,000039500,6808
3009557502,20202,000027005,6803
3066267501,10580,000017381,6801
1016837502,17600,000024395,6795
1017457502,68694,000075488,6794
1008067501,19532,000026322,6790
3009227502,19837,000026625,6788
1008497506,39466,000046230,6764
3069197506,17446,000024200,6754
1013697502,16459,000023191,6732
1007927503,36268,000043000,6732
3011477501,26981,000033710,6729
5031687501,28553,000035280,6727
3080067501,19272,000025992,6720
3072327501,22956,000029674,6718
4051927502,40894,000047610,6716
1016317501,49250,000055964,6714
3067837501,12457,000019169,6712
3027217504,48628,000055337,6709
1010677502,42136,000048841,6705
1001907508,21741,000028440,6699
4044147503,11902,000018594,6692
1006417504,25180,000031872,6692
3011247502,15633,000022320,6687
4015657501,14176,000020860,6684
3024177501,17081,000023760,6679
1004867501,18545,000025200,6655
1013817503,60242,000066896,6654
5024507501,138351,000145000,6649
4030977504,24886,000031528,6642
4051807501,40314,000046950,6636
3067777501,14113,000020739,6626
1007967503,29838,000036455,6617
1016157501,240326,000246938,6612
3017347509,13861,000020470,6609
3001877501,14501,000021104,6603
3021577501,13219,000019812,6593
1002387502,40962,000047551,6589
3023037501,29220,000035801,6581
1008767501,29839,000036416,6577
4051837501,20459,000027025,6566
1008677501,23805,000030371,6566
1005957507,46006,000052568,6562
3011607501,34201,000040755,6554
1015157504,15494,000022026,6532
3067657501,13675,000020198,6523
4030987502,16243,000022764,6521
1007467504,24388,000030908,6520
3002927501,11926,000018446,6520
4001927501,50828,000057348,6520
1008217506,73270,000079784,6514
3062517501,22315,000028800,6485
5021407502,131922,000138389,6467
1008497503,16922,000023375,6453
1013837501,105660,000112112,6452
3022607501,33749,000040200,6451
1007807501,26050,000032500,6450
3060867503,11170,000017616,6446
1012207501,27147,000033570,6423
3072607506,16039,000022447,6408
3017347516,14600,000021000,6400
1012237504,48620,000055008,6388
3067427501,19297,000025683,6386
3065037501,22027,000028396,6369
3006857501,16397,000022759,6362
4005497503,14864,000021217,6353
1008767503,55072,000061406,6334
1022217501,70639,000076970,6331
3054337506,12775,000019104,6329
3056937503,10570,000016888,6318
4050227501,26400,000032717,6317
1002377501,54204,000060508,6304
2057987502,34554,000040855,6301
3022357509,22911,000029200,6289
3008007501,27496,000033779,6283
1012527501,26476,000032750,6274
4005707503,23818,000030089,6271
3021017501,14856,000021120,6264
1000917503,22468,000028729,6261
1013747502,245794,000252049,6255
1001467501,37902,000044152,6250
1002227501,55184,000061433,6249
1001887504,23266,000029500,6234
1012747505,15099,000021333,6234
3011377501,35562,000041762,6200
3002117501,52890,000059087,6197
3009527504,9505,000015700,6195
4162267501,93200,000099390,6190
3000557504,14703,000020892,6189
3072607502,48056,000054245,6189
1005637502,10080,000016267,6187
3068017503,18510,000024696,6186
3000207501,28025,000034200,6175
1013197502,14844,000021000,6156
3023147501,18145,000024298,6153
2056447501,21564,000027714,6150
1006297501,24171,000030312,6141
3013057501,113611,000119750,6139
3025237502,14487,000020625,6138
4027847501,31708,000037845,6137
1009267501,21664,000027801,6137
3003097501,9862,000015998,6136
4075327501,78215,000084332,6117
3067687502,7302,000013417,6115
3022417528,19344,000025452,6108
1007207501,38168,000044272,6104
3008777501,29177,000035281,6104
3023447503,24548,000030651,6103
3037557501,12660,000018750,6090
2057897501,35080,000041164,6084
3072607501,14324,000020405,6081
3056027501,10510,000016590,6080
3022417531,19381,000025452,6071
1012207502,21320,000027389,6069
1011437502,37511,000043578,6067
1017857501,8377,000014440,6063
3022357508,21540,000027600,6060
3069167504,11590,000017649,6059
1008197501,30675,000036729,6054
5046337501,19090,000025139,6049
4015367502,21410,000027450,6040
4050047502,19000,000025039,6039
1015057501,17206,000023232,6026
1001467505,18436,000024460,6024
1021347503,52213,000058230,6017
4044097502,20948,000026950,6002
3020457501,69013,000075000,5987
4033607501,610764,000616738,5974
3000527501,93232,000099201,5969
3080247501,19243,000025208,5965
3050837502,30248,000036212,5964
3074377503,19465,000025425,5960
4000457502,24427,000030385,5958
1007167504,23778,000029728,5950
3019277503,15770,000021713,5943
5054617501,14349,000020290,5941
1018287501,12507,000018448,5941
1020067501,15222,000021156,5934
4036137501,7700,000013627,5927
1010107505,126196,000132119,5923
1020907501,24968,000030886,5918
4012967501,24084,000029999,5915
3021337501,17607,000023520,5913
4083107502,139589,000145500,5911
1016617502,8587,000014491,5904
3008507502,17074,000022976,5902
3017627502,73260,000079149,5889
3032357502,15945,000021833,5888
3061187502,11278,000017160,5882
1007457503,76600,000082481,5881
1013907501,34202,000040067,5865
3027447502,11082,000016945,5863
3013147501,11822,000017680,5858
3027497502,11087,000016945,5858
4017767501,25345,000031200,5855
3071177502,318,000006169,5851
3022407509,20702,000026552,5850
1015577501,13650,000019500,5850
1013247501,15746,000021582,5836
3067847501,10964,000016800,5836
3010527501,48663,000054488,5825
1001467503,18314,000024130,5816
3019677503,24006,000029817,5811
3066047501,7945,000013749,5804
4033227501,30800,000036585,5785
1015407502,34322,000040106,5784
1003107503,21794,000027576,5782
4050247502,36473,000042254,5781
3016647501,8175,000013954,5779
1019607502,36188,000041964,5776
1002857501,75785,000081560,5775
2029847502,99455,000105225,5770
3019007514,16377,000022135,5758
3022637503,15174,000020931,5757
3067497501,14856,000020612,5756
3010937501,17525,000023280,5755
4006537502,12983,000018738,5755
3003477504,19871,000025623,5752
1004587501,7742,000013494,5752
1020947502,32830,000038578,5748
4097557501,390046,000395792,5746
4051857501,82865,000088600,5735
3012327501,13456,000019185,5729
3009457504,9111,000014835,5724
3009457503,9111,000014834,5723
4096687501,14381,000020100,5719
4000627501,136232,000141949,5717
4004387501,66735,000072449,5714
3056707501,5653,000011360,5707
4044147501,24930,000030634,5704
4022247502,137386,000143081,5695
1002307507,22716,000028408,5692
3055587501,18021,000023696,5675
1002847503,45000,000050673,5673
1006387501,17586,000023256,5670
4001997501,36330,000042000,5670
3009557503,3858,000009500,5642
1015107502,13298,000018935,5637
1007467507,26815,000032450,5635
1001747502,20094,000025724,5630
1018837502,67313,000072943,5630
4013127501,8476,000014100,5624
3002787501,15591,000021210,5619
3058687503,13589,000019193,5604
1005457501,77249,000082844,5595
3012197501,8087,000013680,5593
4051227501,18358,000023951,5593
1012287502,22183,000027772,5589
1012537501,27318,000032905,5587
3068027501,17896,000023479,5583
1011157502,312870,000318448,5578
3088007501,8489,000014063,5574
3057037502,14776,000020348,5572
1015137503,30618,000036173,5555
4063007501,15771,000021303,5532
1018707501,54250,000059780,5530
4050247505,8484,000014010,5526
1002987503,18428,000023950,5522
1013497503,82697,000088206,5509
3022647507,33091,000038600,5509
3067817502,9032,000014531,5499
1004237501,14793,000020289,5496
3010987509,51023,000056518,5495
3055907503,12675,000018164,5489
3020737501,17262,000022750,5488
4014527501,43908,000049392,5484
2054177503,39110,000044587,5477
3020167501,50456,000055922,5466
3028277503,11353,000016819,5466
3066007501,21030,000026494,5464
3008267501,10166,000015625,5459
3023137502,28788,000034239,5451
1002197503,10951,000016400,5449
3061157501,7288,000012736,5448
3019747501,67155,000072598,5443
1019087502,35483,000040921,5438
3063367501,8215,000013650,5435
1006377502,54774,000060200,5426
3066267502,10534,000015960,5426
1004757505,69337,000074761,5424
3019287501,20440,000025855,5415
4162347502,30723,000036132,5409
3067827505,32066,000037475,5409
3027447503,23934,000029342,5408
1017367501,170694,000176100,5406
3006377501,45567,000050960,5393
3067677502,17545,000022935,5390
3022417529,22562,000027950,5388
1005077501,19170,000024556,5386
4017857503,11437,000016814,5377
3016587501,6206,000011582,5376
4012167501,19021,000024391,5370
3066057501,9212,000014577,5365
1011187502,55339,000060702,5363
1014937503,24469,000029821,5352
1002327501,15802,000021143,5341
3019007509,15640,000020977,5337
3067397501,19548,000024878,5330
4053747502,23217,000028546,5329
1008397501,608800,000614127,5327
3052567502,21288,000026610,5322
4051047502,31582,000036901,5319
2023157501,20085,000025386,5301
1010117504,38159,000043458,5299
4006167503,12161,000017449,5288
1007697504,18843,000024124,5281
1014007501,209853,000215128,5275
3056097502,8327,000013600,5273
1006957505,18732,000024000,5268
1001727502,23233,000028500,5267
1003097502,9682,000014938,5256
1010677501,105165,000110419,5254
3050427501,18582,000023830,5248
4008427501,37904,000043142,5238
4021867501,20821,000026054,5233
3009987501,7722,000012950,5228
4017857504,28632,000033858,5226
1006297505,12592,000017790,5198
2032567501,14413,000019603,5190
3022347504,9853,000015036,5183
3019147504,16983,000022160,5177
1010747502,70931,000076103,5172
1004217502,24851,000030023,5172
3022407516,23559,000028727,5168
3014267501,27834,000033000,5166
3055987509,8704,000013862,5158
1008507507,16903,000022059,5156
3026297501,52088,000057238,5150
4035247501,20485,000025633,5148
3018857503,24676,000029824,5148
1008747504,14410,000019557,5147
1016767505,8777,000013912,5135
3082957501,10663,000015795,5132
3056657501,6094,000011218,5124
3086647502,22427,000027547,5120
1001067503,15250,000020363,5113
1014697502,28375,000033480,5105
3006817501,10914,000016012,5098
2059067501,26587,000031675,5088
1016007501,432137,000437224,5087
1015017502,42280,000047364,5084
1003977501,14960,000020038,5078
3019707502,13315,000018368,5053
1002177502,32623,000037672,5049
5024507512,111394,000116440,5046
3024467501,18765,000023810,5045
3000447501,7914,000012957,5043
4017017501,13193,000018233,5040
1014937502,15076,000020111,5035
3011807501,7620,000012650,5030
1007747501,623668,000628697,5029
3057757501,15836,000020856,5020
5000737501,23929,000028937,5008
3011047504,29315,000034317,5002
3000867501,51026,000056026,5000
3017157510,31968,000036964,4996
5033187501,33438,000038424,4986
4008817501,39112,000044090,4978
3009197503,7464,000012440,4976
3023647501,18623,000023599,4976
3086637504,765,5740,4975
3022647513,40033,000045000,4967
3006317502,19870,000024819,4949
4006497501,14235,000019182,4947
4050137501,21659,000026600,4941
3053667501,28288,000033225,4937
3053477501,28288,000033225,4937
3062697501,14039,000018969,4930
4012997501,8523,000013448,4925
4020057504,612,000005535,4923
1007937507,94263,000099176,4913
1010557501,23787,000028692,4905
4034937501,10296,000015196,4900
1002357501,28598,000033496,4898
3021477501,24546,000029440,4894
4005777501,94725,000099600,4875
1005627503,29278,000034146,4868
1006467503,73409,000078265,4856
1013257504,15538,000020394,4856
1012337504,18946,000023799,4853
3022307505,27556,000032400,4844
3022127502,2894,000007737,4843
1009057501,8704,000013542,4838
2056417501,61008,000065844,4836
1002377502,7167,000011988,4821
3001797504,11923,000016741,4818
3023837501,23622,000028440,4818
4013057501,56799,000061614,4815
3032907501,14812,000019620,4808
3018837506,7596,000012400,4804
1004847501,36700,000041500,4800
3001767501,138497,000143297,4800
3087267501,50731,000055530,4799
3066257501,24543,000029339,4796
4049577501,17088,000021884,4796
4042597501,14961,000019756,4795
1012617502,76008,000080792,4784
4051927505,8550,000013333,4783
3019137508,5152,000009930,4778
3011047505,8784,000013550,4766
1005877501,14563,000019320,4757
3053287501,35164,000039920,4756
3022247506,28677,000033430,4753
3074687501,22094,000026838,4744
3063767501,12998,000017733,4735
4000337501,17762,000022478,4716
1008197503,73288,000078000,4712
1013257501,29104,000033810,4706
1003847501,4100,000008800,4700
3058217501,23082,000027770,4688
3061347502,13042,000017729,4687
3086657502,26852,000031533,4681
5078607502,45577,000050248,4671
2056067504,60406,000065068,4662
4125727501,16180,000020830,4650
1002017501,32989,000037637,4648
4114257501,36456,000041101,4645
3047987501,16776,000021420,4644
1004137502,7930,000012570,4640
3056007503,4062,000008700,4638
4017757501,14914,000019550,4636
1018437501,33619,000038255,4636
1001897503,11565,000016200,4635
1008227504,41025,000045659,4634
3061337501,30889,000035522,4633
1007667501,15090,000019718,4628
3008727501,9045,000013672,4627
3063837502,17373,000022000,4627
3022637502,15527,000020148,4621
1011997502,30783,000035400,4617
1005297509,21808,000026413,4605
3062417502,35423,000040023,4600
1004347504,8783,000013382,4599
3018997509,20644,000025236,4592
3008957503,19145,000023735,4590
4063777501,15024,000019609,4585
3024157502,26946,000031525,4579
3065797503,21802,000026374,4572
3072997502,26199,000030767,4568
3003847504,9661,000014210,4549
3086697502,12525,000017061,4536
4005517501,39841,000044377,4536
3047937502,30160,000034684,4524
1006417502,30088,000034600,4512
3023537501,31313,000035823,4510
3019667503,20857,000025363,4506
4050627501,20202,000024705,4503
3011727501,11174,000015675,4501
1001067504,35703,000040203,4500
4133087501,8952,000013440,4488
3069157501,11244,000015719,4475
3055977501,17896,000022370,4474
1005457504,15923,000020395,4472
4098087501,32490,000036960,4470
3088157502,44245,000048709,4464
3022237506,4537,000009000,4463
3008427501,9657,000014120,4463
3001847503,13914,000018367,4453
3016697501,8547,000013000,4453
3021337502,20661,000025109,4448
2059047501,15834,000020280,4446
3027137501,15477,000019916,4439
1002207505,14357,000018788,4431
3052817501,9686,000014109,4423
3002657502,16180,000020601,4421
3020997502,5066,000009486,4420
1003507502,9014,000013431,4417
3003197502,38820,000043236,4416
4050397508,9680,000014092,4412
3054007501,45120,000049525,4405
1015767501,87395,000091800,4405
3027147502,30261,000034660,4399
3010477501,5606,000010000,4394
3007577504,7911,000012303,4392
1012307501,161929,000166319,4390
1012677502,60340,000064727,4387
1012747503,324293,000328679,4386
1001897506,24144,000028525,4381
3058757501,14323,000018700,4377
1016777503,28916,000033280,4364
4001827501,5436,000009800,4364
2026077501,5387,000009750,4363
3076387503,19805,000024167,4362
1018287502,19340,000023700,4360
1001877503,27866,000032223,4357
1013097501,17524,000021880,4356
4014927501,21407,000025763,4356
4097147501,13193,000017547,4354
3027407501,9325,000013677,4352
4058937502,152745,000157095,4350
3074047501,15180,000019530,4350
3022497502,92796,000097144,4348
3068017501,15609,000019956,4347
4027737501,26312,000030652,4340
1010437503,52600,000056935,4335
1004087502,8744,000013078,4334
1006377508,44289,000048620,4331
3021477502,22694,000027024,4330
2027247501,11551,15880,4329
3013497502,40470,000044798,4328
1010437501,59701,000064020,4319
3030447505,5754,000010067,4313
1001947508,24813,000029124,4311
3002077502,57790,000062096,4306
3012267501,13530,000017827,4297
3063157501,2968,000007260,4292
3024197501,25797,000030086,4289
3080397501,21122,000025400,4278
1005007501,23395,000027672,4277
1008507504,13571,000017840,4269
1020117501,9732,000014000,4268
1011667501,94525,000098788,4263
3003307504,17038,000021295,4257
3018977509,1824,000006080,4256
1020937501,29440,000033696,4256
3060817501,21721,000025977,4256
3021687503,10076,000014328,4252
3021297506,13395,000017639,4244
1018497502,14594,000018829,4235
1003777502,20885,000025115,4230
3066627501,15270,000019495,4225
3011057501,9341,000013560,4219
3018857504,15044,000019258,4214
4015277504,10233,000014446,4213
3067577502,11858,000016070,4212
3053397502,12834,000017031,4197
1004607501,8706,000012900,4194
3086657503,9457,000013651,4194
3072167501,15320,000019502,4182
1006297502,39080,000043254,4174
3003587503,11509,000015678,4169
3056707502,10992,000015160,4168
3011477503,7210,000011375,4165
1015267503,9868,000014032,4164
1017887501,19829,000023990,4161
1000297501,61238,000065396,4158
1010437502,59862,000064020,4158
4050397505,12582,000016737,4155
1001247501,7022,000011175,4153
5002307501,26045,000030190,4145
1004987502,46375,000050518,4143
3013127501,23238,000027380,4142
1003727501,7280,000011421,4141
3056237505,15366,000019500,4134
3009667501,32549,000036669,4120
1008947502,162786,000166905,4119
3022237503,12838,000016950,4112
3018987502,8811,000012921,4110
1004997507,11020,000015128,4108
3030497501,13397,000017495,4098
3074337504,10886,000014982,4096
3003897501,28398,000032490,4092
1019147503,59987,000064066,4079
1004757511,18205,000022279,4074
2046647501,15153,000019225,4072
3019147506,14865,000018933,4068
3022407507,22189,000026256,4067
1003457501,35581,000039643,4062
3060347501,7939,000012000,4061
3019287503,10494,000014553,4059
1005597502,11703,000015760,4057
1004407502,26408,000030462,4054
2029317501,14247,000018300,4053
1010437504,8793,000012840,4047
4051927501,12398,000016442,4044
1011497501,12494,000016533,4039
3009447504,4797,000008835,4038
3022007501,18930,000022960,4030
1005317502,17820,000021850,4030
2025827502,205870,000209899,4029
1001797506,77625,000081650,4025
3015937501,11576,000015600,4024
3067617501,13450,000017467,4017
3056917502,6232,000010247,4015
1014467503,29124,000033133,4009
4030557502,49528,000053536,4008
2022967501,3900,000007900,4000
4028137501,22339,000026337,3998
3011457503,17565,000021562,3997
1005377502,17484,000021476,3992
1002837502,21376,000025366,3990
3055607501,10811,000014800,3989
1008237501,8100,000012073,3973
1008217505,20255,000024225,3970
3028577507,187,4153,3966
1001067501,9655,000013621,3966
3022457501,8532,000012495,3963
3010587502,10035,000013994,3959
1005037501,10805,000014760,3955
1016297501,7580,000011535,3955
3022367503,6027,000009980,3953
3021297507,40403,000044348,3945
3056177501,5667,000009600,3933
1002777503,9460,000013392,3932
3021297501,32974,000036904,3930
3022407508,14839,000018769,3930
1005627501,14438,000018367,3929
3030237504,10718,000014645,3927
1005297501,90357,000094279,3922
2032067501,91712,000095628,3916
4050247504,24463,000028378,3915
3057037506,431,4342,3911
3057037507,431,4342,3911
1017957501,12226,000016136,3910
1002367502,29762,000033671,3909
1004257502,61963,000065869,3906
3011247503,10378,000014284,3906
2031257501,10765,000014664,3899
3056047502,6663,000010560,3897
3056287507,4244,000008140,3896
3007937505,10754,000014638,3884
1004057501,7369,000011250,3881
3009237501,12582,000016460,3878
4049947503,12264,000016140,3876
1007937504,10077,000013953,3876
3004687502,12555,000016428,3873
1002777501,57578,000061451,3873
3019007503,15912,000019783,3871
3061207501,15777,000019647,3870
4030527501,6871,000010734,3863
3009287503,17970,000021829,3859
2022967502,2571,6429,3858
1005757502,30263,000034118,3855
3022457503,15721,000019575,3854
3060717501,8750,000012600,3850
3086727501,15866,000019706,3840
3067817501,13884,000017724,3840
3028937501,18579,000022417,3838
1004417502,26854,000030692,3838
4008077501,30704,000034541,3837
3018027502,8061,000011897,3836
3052707501,14769,000018600,3831
4053587502,6670,000010500,3830
1007967501,35192,000039021,3829
3064027501,11061,000014888,3827
1004387501,8323,000012148,3825
1019167501,6355,000010172,3817
1017537504,10070,000013879,3809
3056457501,9190,000012997,3807
1019427502,38386,000042192,3806
3024177502,11892,000015696,3804
3087637502,9500,000013302,3802
1005707502,40407,000044207,3800
1010257502,431567,000435366,3799
3009247501,12887,000016685,3798
3054007502,30803,000034600,3797
3072607505,4578,000008373,3795
1004067501,13839,000017628,3789
3021737501,21918,000025704,3786
1018467502,17573,000021358,3785
2023077501,4810,000008594,3784
4050117503,8052,000011835,3783
3026517501,6294,000010076,3782
1008207503,43481,000047260,3779
3018837504,10091,000013865,3774
3004217501,29427,000033198,3771
4050627502,12672,000016435,3763
3019807502,7599,000011356,3757
1006127501,20485,000024240,3755
1022487501,7195,000010950,3755
1006207502,19844,000023598,3754
1004257501,40450,000044203,3753
1008687503,209528,000213279,3751
3061357501,56651,000060397,3746
3022217502,12593,000016338,3745
3063777501,6432,000010177,3745
1017247501,29855,000033600,3745
1003967501,16810,000020553,3743
3063317501,3744,000007485,3741
4044107501,18990,000022728,3738
3027777502,35295,000039019,3724
3026887502,12084,000015806,3722
4015327501,16049,000019769,3720
4005697501,7385,000011100,3715
3027827501,21514,000025216,3702
1005457502,52538,000056237,3699
3009647501,14476,000018175,3699
3009247502,12267,000015965,3698
1014177501,9968,000013659,3691
3002587502,8730,000012420,3690
1017257502,12423,000016112,3689
4017127501,12632,000016318,3686
1015057503,23591,000027276,3685
3074697502,5976,000009648,3672
1004277503,13065,000016736,3671
3016537501,7210,000010876,3666
1008757502,8594,000012260,3666
1012597501,143479,000147145,3666
1000077501,44097,000047754,3657
4053907501,15352,000019006,3654
1006247501,11048,000014700,3652
5029077501,8780,000012432,3652
4000427501,34131,000037765,3634
1008467502,48771,000052396,3625
1001777501,29476,000033094,3618
1001377503,26445,000030062,3617
3087967501,5789,000009404,3615
2045747501,4523,000008138,3615
3082817501,7238,000010852,3614
3067617503,11804,000015415,3611
3010897502,9473,000013080,3607
1001717501,38352,000041955,3603
1006007501,579930,000583530,3600
1013257503,74713,000078303,3590
3074557502,4980,000008569,3589
3020977501,4525,000008112,3587
3018837503,7780,000011367,3587
3025237503,10410,000013990,3580
3025127502,6270,000009847,3577
3019137501,8608,000012181,3573
3024087502,11427,000015000,3573
1016807501,63249,000066822,3573
3022407511,24081,000027648,3567
1006087501,183323,000186887,3564
3002757501,5462,000009025,3563
3018897501,12137,000015698,3561
4083107501,179166,000182725,3559
3021527501,20414,000023973,3559
3022377511,18905,000022462,3557
3069107501,23394,000026949,3555
3057507501,31082,000034637,3555
1001457507,10618,000014171,3553
3009327506,4270,000007823,3553
3017347506,30048,000033600,3552
3071747501,8111,000011663,3552
5016517501,278641,000282190,3549
1014507501,94402,000097947,3545
3021137501,9124,000012669,3545
1007927506,10783,000014327,3544
3060867504,5825,000009368,3543
2027067501,6302,000009840,3538
3022367501,5967,000009500,3533
1004597501,16493,000020025,3532
3009607502,7270,000010800,3530
4050507503,22772,000026300,3528
4050107503,7130,000010656,3526
3020107501,9980,000013500,3520
3023197501,75555,000079075,3520
3065987502,9838,000013348,3510
1004787501,77139,000080649,3510
3007937501,9430,000012939,3509
3065567502,11475,000014981,3506
3021387502,7330,000010830,3500
1020667501,21554,000025050,3496
1004757509,26506,000030000,3494
1005717504,14631,000018122,3491
1019537502,6675,000010164,3489
3069047502,6978,000010467,3489
4015317501,22012,000025499,3487
3082007501,8609,000012096,3487
3018987503,13036,000016522,3486
3020147502,7892,000011375,3483
3015097501,50278,000053760,3482
3011307501,5719,000009200,3481
1005287502,12510,000015990,3480
3017347504,41348,000044828,3480
3069047501,11757,000015236,3479
3027497501,21961,000025438,3477
1012607501,13868,000017338,3470
3069137501,13780,000017246,3466
1000927501,163935,000167396,3461
3019307501,14041,000017500,3459
4032387502,5812,000009270,3458
3032347501,10127,000013583,3456
3011407503,8556,000012007,3451
1006987501,44792,000048242,3450
1001457502,16953,000020401,3448
4006167504,4795,000008235,3440
3013217501,12162,000015600,3438
3074557501,9631,000013069,3438
1004277502,11529,000014966,3437
1006377503,15474,000018911,3437
3021327505,8996,000012432,3436
1000647501,19995,000023429,3434
1010637501,27030,000030457,3427
3023497501,201043,000204466,3423
1004977503,23942,000027365,3423
4001347501,13261,000016681,3420
1008987502,26696,000030116,3420
3086767501,44422,000047840,3418
1000917501,28550,000031965,3415
1016307502,8774,000012184,3410
3057617501,11150,000014560,3410
3023937501,11771,000015180,3409
3019147505,25345,000028747,3402
2032367501,127954,000131355,3401
3021387503,7180,000010580,3400
1002207506,11110,000014506,3396
3002347502,12355,000015750,3395
1019037503,43399,000046788,3389
1018487504,5872,000009257,3385
1003847502,13262,000016645,3383
3025317502,4773,000008155,3382
1001797504,10422,000013800,3378
3051477501,22952,000026324,3372
3056777505,11174,000014545,3371
1013467501,61630,000065000,3370
3061377501,4735,000008100,3365
1014057502,9160,000012524,3364
3087717502,12538,000015896,3358
4032387501,7473,000010830,3357
3012707502,24260,000027608,3348
3055917505,4689,000008037,3348
3011077501,9040,000012386,3346
1008607503,17320,000020662,3342
3002587501,17917,000021259,3342
1002117501,16622,000019963,3341
3054407503,11154,000014495,3341
3025507501,7210,000010550,3340
4030297501,14447,000017784,3337
1001357506,9934,000013268,3334
1015217501,48066,000051399,3333
3023467501,6659,000009990,3331
2054887501,20029,000023358,3329
3022457502,14234,000017562,3328
3018837505,11912,000015238,3326
4019397502,10720,000014044,3324
3022647516,47197,000050517,3320
3004677501,6564,000009881,3317
4021867502,16365,000019680,3315
1001497503,41038,000044347,3309
5042297502,21261,000024568,3307
4005717501,79867,000083170,3303
1005027501,38499,000041799,3300
3064167502,14609,000017906,3297
3060997501,35309,000038601,3292
3011737502,12815,000016104,3289
1006187502,1187,000004475,3288
3068567501,12450,000015734,3284
1008487501,12080,000015362,3282
1019177501,15705,000018986,3281
3023207501,6720,000010000,3280
1014107504,52480,000055758,3278
3056857507,15805,000019080,3275
3023007501,18824,000022096,3272
3063777502,47385,000050653,3268
4068017504,12344,000015600,3256
3011047502,4949,000008200,3251
1004347505,7446,000010695,3249
4017607501,8584,000011832,3248
1001937508,33745,000036990,3245
3008497501,9491,000012730,3239
3067967501,9281,000012520,3239
3031607501,6156,000009395,3239
3062507501,15300,000018535,3235
3003477502,24621,000027856,3235
3021017504,6960,000010186,3226
1001337502,14835,000018059,3224
3022647501,3503,000006725,3222
3019137506,9406,000012624,3218
1011507501,4904,000008122,3218
1001477507,11083,000014300,3217
1017957502,8810,000012026,3216
3021317504,17826,000021034,3208
2033187502,83410,000086618,3208
3055917506,4830,000008037,3207
4019557501,21836,000025040,3204
3015057502,899,4101,3202
3009557501,4548,000007750,3202
3023047503,5251,000008450,3199
1016467501,21156,000024353,3197
3053747501,15914,000019110,3196
3083317501,32720,000035912,3192
3022987502,11863,000015054,3191
3019267504,8052,000011242,3190
1000787509,11514,000014704,3190
1020627501,8554,000011743,3189
3022407518,18328,000021510,3182
2048347501,9184,000012366,3182
3019697503,15667,000018849,3182
3002807502,18619,000021800,3181
3086627507,4140,000007319,3179
1020487502,6662,000009837,3175
1005777501,35310,000038484,3174
3018857501,24960,000028133,3173
5003527501,6338,000009507,3169
3022507501,35831,000039000,3169
2056047501,60253,000063416,3163
1009057503,6854,000010015,3161
1020957502,35929,000039090,3161
4030977501,11239,000014400,3161
1012007501,5097,000008248,3151
3075577501,12937,000016088,3151
1006107503,24637,000027787,3150
1020487501,6689,000009837,3148
3011737503,10238,000013385,3147
3056097503,12445,000015592,3147
1006997501,9720,000012864,3144
3088107506,12132,000015275,3143
3011597501,8374,000011515,3141
1010547502,24281,000027409,3128
4015427501,13692,000016816,3124
3021397503,18047,000021170,3123
3002547502,4761,000007884,3123
5020857501,77068,000080190,3122
1011637502,44713,000047833,3120
3008977503,9433,000012551,3118
1005587504,10936,000014053,3117
3064467503,10699,000013814,3115
1018417501,17562,000020670,3108
4090647501,10123,000013230,3107
4044107502,7691,000010795,3104
3055727501,6561,000009664,3103
1017807501,176514,000179616,3102
3023237501,5449,000008550,3101
3057657501,17260,000020360,3100
3065567501,8901,000012000,3099
3012687501,10973,000014072,3099
4017687502,13502,000016600,3098
3022317506,3325,000006420,3095
3056157506,18872,000021966,3094
3011127503,11375,000014467,3092
1008477501,76406,000079498,3092
1001337509,9737,000012829,3092
1015447502,9528,000012618,3090
1004137501,7954,000011040,3086
1002777502,31015,000034098,3083
3050467501,7971,11054,3083
3009637503,7852,000010934,3082
1012367503,9001,000012079,3078
3021397502,11454,000014528,3074
1004117503,15276,000018349,3073
1002207502,98488,000101560,3072
3006937501,13245,000016316,3071
3016167501,5765,000008835,3070
3067657502,8036,000011106,3070
3011537502,7733,000010802,3069
3087727502,24935,000028000,3065
4049527501,17903,000020965,3062
1000117501,9132,000012192,3060
1014247504,13403,000016462,3059
1002737501,18240,000021297,3057
1015297501,9299,000012351,3052
4033217502,31012,000034063,3051
4049597501,36155,000039206,3051
3047967501,18351,000021400,3049
3010957502,3564,000006610,3046
1019537501,6965,000010010,3045
1005297504,47345,000050388,3043
3027607501,5811,000008853,3042
1007687501,48676,000051717,3041
4028587501,19273,000022312,3039
4021667501,12943,000015980,3037
1004857504,16187,000019222,3035
1005767504,29164,000032198,3034
3022647503,3503,000006535,3032
3007937502,4761,000007788,3027
1007687505,10589,000013614,3025
4051027502,19300,000022325,3025
1015137502,89455,000092479,3024
1003947505,9858,000012881,3023
3027197502,8532,000011553,3021
4004157503,10516,000013537,3021
3056867503,16083,000019103,3020
3084937501,2592,000005610,3018
4050157501,10984,000013997,3013
3009347507,7767,000010777,3010
3017347505,17311,000020316,3005
3023467502,33511,000036515,3004
3088247501,7657,000010660,3003
3001567501,86013,000089013,3000
4031717502,31959,000034959,3000
3008327502,5037,000008036,2999
3088107507,9138,000012136,2998
3054977502,5356,000008352,2996
1020657501,8630,000011624,2994
1004417501,31711,000034703,2992
1004707501,18452,000021442,2990
1007677503,71206,000074195,2989
3019137503,9639,000012624,2985
3010907504,3066,000006050,2984
1001897505,7215,000010198,2983
3031507502,6059,000009040,2981
1014327501,20294,000023275,2981
3086717501,5988,000008966,2978
3067577503,10085,000013060,2975
3086627505,4897,000007868,2971
3019147508,12696,000015659,2963
1017257501,7188,000010150,2962
1008227505,18063,000021024,2961
4024767502,11266,000014224,2958
3001947502,7819,000010776,2957
1001807502,22544,000025500,2956
3019127501,3883,000006834,2951
3056007502,23887,000026836,2949
1002197502,34839,000037785,2946
3019147503,10408,000013350,2942
3008997502,6061,000009000,2939
3010587501,8794,000011732,2938
3023047502,5531,000008469,2938
1021107501,9952,000012885,2933
4050427501,105763,000108695,2932
3019137507,19760,000022688,2928
3021537504,14158,000017071,2913
3022357510,21570,000024481,2911
1016307501,19391,000022300,2909
1003907501,13141,000016046,2905
3066237501,8106,000011008,2902
3011547501,20735,000023636,2901
3021867502,22765,000025651,2886
3067667502,25705,000028590,2885
3018987504,12012,000014893,2881
1020337501,98581,000101460,2879
3019277501,76532,000079409,2877
3001817501,7358,000010232,2874
3025517501,10616,000013486,2870
1008877501,11132,000014000,2868
1015277503,10027,000012895,2868
1009037503,8014,000010879,2865
1011527502,72771,000075632,2861
3086657501,6300,000009160,2860
3061377502,17930,000020790,2860
1004447501,14367,000017225,2858
1004077502,23228,000026084,2856
3008767502,14197,000017052,2855
3022517504,20004,000022858,2854
3011477502,7880,000010733,2853
3019527502,5880,000008730,2850
3018977508,23975,000026824,2849
3019527503,5890,000008730,2840
1004087503,7026,000009866,2840
4004387502,40731,000043568,2837
3074587502,8943,000011778,2835
3021367502,15408,000018241,2833
1001347501,267438,000270269,2831
1017267502,17534,000020365,2831
1004067502,8265,000011095,2830
3023267501,33544,000036372,2828
4036377501,61880,000064706,2826
1007387502,38329,000041153,2824
3057537502,9013,000011836,2823
3024887502,4177,000007000,2823
3060867501,14774,000017596,2822
1007647502,20982,000023800,2818
3009347509,8037,000010855,2818
1007697508,27645,000030463,2818
3000417501,22447,000025260,2813
1019407502,9077,000011890,2813
1020607502,12426,000015238,2812
1007467505,18332,000021143,2811
3052587502,19271,000022079,2808
3022197502,9884,000012689,2805
1006367502,9048,000011852,2804
3009527505,12142,000014946,2804
3054587502,18736,000021540,2804
3019967503,8789,000011593,2804
3009827503,14300,000017100,2800
3012337501,6573,000009370,2797
3022997502,57164,000059961,2797
1003907503,6245,000009040,2795
1006147501,4650,000007440,2790
1004947504,30401,000033190,2789
1008807503,28621,000031410,2789
3010727503,18581,000021368,2787
1005867502,9274,000012060,2786
3019287502,6664,000009450,2786
3022447501,197849,000200632,2783
3007247501,27125,000029907,2782
3027587504,6895,000009671,2776
3067647501,14647,000017422,2775
3019007513,16191,000018965,2774
3030237503,8075,000010849,2774
1014947501,8995,000011767,2772
3022177502,3831,000006600,2769
3064017501,14708,000017472,2764
1002307504,21177,000023938,2761
1013937501,15452,000018213,2761
1014117502,92704,000095463,2759
1002037501,12388,000015146,2758
3066517501,14369,000017125,2756
1001947506,11601,000014357,2756
4015107501,7858,000010611,2753
3012237501,12188,000014940,2752
1011437505,48248,000051000,2752
3011307503,8079,000010830,2751
3010967503,5375,000008125,2750
4067997503,28902,000031652,2750
1019297502,8778,000011527,2749
1018477502,9755,000012499,2744
3019137511,8008,000010750,2742
3074147501,11360,000014100,2740
3056287514,5648,000008379,2731
1008227501,20189,000022918,2729
4015177502,8271,000011000,2729
1015777503,15562,000018290,2728
3023577501,14587,000017309,2722
4051377501,260774,000263495,2721
5052757501,5600,000008320,2720
3057017502,6160,000008880,2720
1006047501,85508,000088227,2719
1004437502,13898,000016616,2718
3015267501,12623,000015335,2712
3028837502,9128,000011839,2711
3067587502,6423,000009132,2709
4050177501,24479,000027186,2707
3019137502,9478,000012181,2703
1012507504,52487,000055190,2703
5030197501,36000,000038700,2700
3029167503,7006,000009704,2698
1001507504,31320,000034012,2692
3067617502,7791,000010480,2689
5037507501,47654,000050340,2686
3019137515,10347,000013030,2683
3000557503,8194,000010874,2680
3022307503,10806,000013485,2679
3019137505,9508,000012181,2673
3020047502,8400,000011070,2670
3061247501,7752,000010416,2664
1013797503,11759,000014420,2661
3026227503,8211,000010871,2660
3087327501,8591,000011236,2645
3019697504,16000,000018644,2644
3012327502,8960,000011602,2642
3063827502,22248,000024888,2640
3061947501,11056,000013696,2640
4015987501,8362,000011000,2638
3020137503,76689,000079325,2636
3064027502,14002,000016636,2634
1012417501,19071,000021704,2633
3050477501,7134,000009760,2626
4049557503,3016,000005642,2626
4049557505,3016,000005642,2626
3003367503,7546,000010171,2625
3017547501,6883,000009508,2625
3087107501,199548,000202173,2625
4049557502,3017,000005641,2624
3056487505,3187,000005805,2618
3025237501,11512,000014127,2615
3022407512,16984,000019598,2614
3023937502,7909,000010522,2613
3028297502,5581,000008193,2612
3081807501,3394,000006000,2606
4030497502,13231,000015836,2605
1006127505,7115,000009720,2605
1018797501,11436,000014037,2601
1020437502,5176,000007776,2600
1008317501,24302,000026900,2598
3032787501,8093,000010689,2596
1004387502,19611,000022206,2595
3003847503,10210,000012800,2590
3022377515,4417,000007000,2583
3025237504,10971,000013551,2580
3012387501,10472,000013052,2580
3057667502,11555,000014133,2578
1006337501,15023,000017600,2577
3074707502,11064,000013640,2576
1008807502,23675,000026250,2575
3059297501,20956,000023529,2573
3001867501,9726,000012295,2569
1005647501,24899,000027467,2568
3009897501,4013,000006580,2567
4049557504,3048,000005614,2566
3052987501,4754,000007320,2566
3004707503,6736,000009300,2564
4032917501,1710,000004274,2564
4005687501,4687,000007250,2563
3054337501,14035,000016595,2560
3027767501,4123,000006681,2558
3066677501,7673,000010230,2557
1001477503,11133,000013690,2557
3018837501,8813,000011367,2554
3018837502,8813,000011367,2554
3056437501,3109,000005662,2553
1019477501,100359,000102912,2553
3018177503,4372,000006923,2551
4030987504,12620,000015170,2550
3054917501,4730,000007280,2550
1011967501,5193,000007742,2549
3025417502,6233,000008782,2549
1007977504,27467,000030015,2548
1018927501,6400,000008946,2546
1005887502,6414,000008958,2544
3010487501,16809,000019350,2541
3025407502,6000,000008539,2539
1004177501,108513,000111051,2538
3009397503,3065,000005602,2537
3070227502,10000,000012536,2536
3065787502,11346,000013881,2535
3024087503,21775,000024306,2531
1016837501,19768,000022295,2527
1016147501,8782,000011308,2526
3008707501,5776,000008300,2524
3053647501,16469,000018993,2524
3022417507,7977,000010500,2523
3018747501,11495,000014016,2521
3030427501,14908,000017428,2520
3016257501,20140,000022659,2519
3076897502,35485,000038000,2515
3076747501,8422,000010936,2514
3065797501,16857,000019369,2512
4115997501,16689,000019200,2511
3008797502,8975,000011485,2510
3057707501,8743,000011250,2507
3065967502,7964,000010470,2506
3056187507,13497,000016000,2503
3055177501,4700,000007200,2500
1000787510,23497,000025997,2500
3052837501,7500,000010000,2500
4001637501,5256,000007755,2499
3002357502,10853,000013350,2497
3010977502,32817,000035307,2490
1004407503,17611,000020099,2488
4049587501,16685,000019170,2485
3057077502,7241,000009725,2484
3019137510,8267,000010750,2483
1011297502,7076,000009559,2483
1004437503,7765,000010245,2480
3018937503,28423,000030900,2477
4053157501,14821,000017296,2475
1020457504,5562,000008035,2473
1001417502,10294,000012767,2473
3086657504,4572,000007041,2469
1005697502,28655,000031122,2467
3003817501,6535,000009000,2465
4015277503,18405,000020870,2465
1008467503,7533,000009998,2465
3022357505,20364,000022828,2464
1005297503,16670,000019132,2462
3018997502,5506,000007968,2462
3009667502,9256,000011716,2460
4035477501,24306,000026761,2455
1015077501,26064,000028518,2454
2042487501,7580,000010033,2453
3025637502,8722,000011175,2453
3074347501,11541,000013992,2451
3026187502,3550,000006000,2450
3022637510,8332,000010782,2450
3058917501,15930,000018380,2450
3087837502,18590,000021038,2448
1020927501,21691,000024132,2441
3055037501,3799,000006240,2441
1003867501,16550,000018990,2440
3022107504,5858,000008297,2439
1001897509,13860,000016298,2438
3007937503,56107,000058541,2434
3022357507,21121,000023553,2432
3056917501,7227,000009656,2429
1004907501,11695,000014123,2428
2026367501,6197,000008625,2428
1011267503,8197,000010620,2423
3011757502,5901,000008321,2420
1005007505,43371,000045790,2419
1004527501,7073,000009491,2418
1002247503,9724,000012142,2418
1001717502,43369,000045787,2418
3001207502,6384,000008798,2414
3055127502,12611,000015019,2408
3002867503,5809,000008215,2406
3056177503,4320,000006720,2400
3016267501,4094,000006493,2399
3056287502,3045,000005440,2395
4023837501,17588,000019982,2394
3086627503,12567,000014960,2393
3056287504,3047,000005440,2393
2054887502,14586,000016978,2392
1012407501,14565,000016957,2392
3003367501,7806,000010196,2390
1012167503,71825,000074215,2390
3064127502,15212,000017600,2388
3011127501,3912,000006300,2388
3056237504,3000,000005387,2387
1016677501,9838,000012222,2384
3056047504,12617,000015000,2383
3056287513,5649,000008025,2376
3065507501,8605,000010976,2371
3010237501,18831,000021200,2369
3064057501,12095,000014462,2367
3086627504,11691,000014056,2365
1013457501,187676,000190037,2361
3056897501,3987,000006347,2360
3020107502,10821,000013181,2360
3027137502,17557,000019916,2359
3069197502,4300,000006656,2356
1017257504,5754,000008109,2355
3008867502,11409,000013764,2355
1004857503,12495,000014850,2355
3008727503,5776,000008127,2351
3010357502,18632,000020980,2348
3055187501,4082,000006430,2348
3022507502,8335,000010682,2347
3010177501,6385,000008732,2347
3010047501,5410,000007750,2340
3022377505,6076,000008415,2339
3018977505,5381,000007719,2338
3011327502,5080,000007418,2338
3053637501,10628,000012960,2332
3025337502,6811,000009141,2330
3057317501,5351,000007680,2329
1005207501,31054,000033383,2329
3018127501,7274,000009602,2328
3026447503,12132,000014458,2326
3010037504,9013,000011338,2325
3055927504,4686,000007008,2322
1014937506,6622,000008944,2322
3002667501,550966,000553285,2319
4052967502,16202,000018520,2318
3056437502,3043,000005360,2317
1013237502,7018,000009331,2313
3022767501,20325,000022638,2313
3022377513,6489,000008801,2312
3056207501,4648,000006960,2312
3019807501,8789,000011100,2311
3066007502,23046,000025356,2310
3085247501,16979,000019286,2307
3004157501,3510,000005816,2306
3057687503,8216,000010522,2306
3000367501,157694,000160000,2306
1004927504,10494,000012798,2304
4050147501,8176,000010480,2304
1002997501,10448,000012750,2302
1008337501,14564,000016866,2302
1002317501,59244,000061544,2300
3009427502,4500,000006800,2300
3055127501,13558,000015857,2299
3009337502,5807,000008106,2299
4019937501,15837,000018136,2299
3021327503,13144,000015441,2297
1002987504,12569,000014866,2297
5054917501,122220,000124516,2296
3056237502,3000,000005290,2290
1007167501,50357,000052646,2289
3018967501,12211,000014498,2287
3007757501,4896,000007178,2282
5024507507,46018,000048300,2282
3012177501,22165,000024446,2281
1004277508,4478,000006759,2281
3074357501,10799,000013075,2276
3003917504,8097,000010370,2273
3021327506,9131,000011404,2273
3056777501,5564,000007836,2272
4005987502,4836,000007107,2271
1005957506,17097,000019367,2270
3055937505,4132,000006400,2268
3022417519,6484,000008750,2266
3056187501,5798,000008064,2266
3032357503,73504,000075767,2263
3011517504,3706,000005966,2260
1001937507,9864,000012120,2256
3065627502,6895,000009150,2255
1011687502,6097,000008351,2254
3019317502,4103,000006357,2254
1018307501,17931,000020184,2253
3008927504,40195,000042446,2251
3068217501,11356,000013604,2248
1001337504,24376,000026620,2244
3056437504,10572,000012813,2241
3068907501,11760,000014000,2240
4062847501,47177,000049417,2240
3027547504,14364,000016604,2240
3061797501,15416,000017656,2240
4030987503,21410,000023649,2239
3032357501,3640,000005878,2238
3088017502,8687,000010924,2237
3022417515,5815,000008050,2235
3057087501,4637,000006869,2232
3054677501,4032,000006264,2232
3054977503,4273,000006500,2227
3072157501,9455,000011679,2224
3029077504,6397,000008619,2222
3010187501,3250,000005471,2221
1005087503,3655,000005875,2220
3066027502,17083,000019300,2217
3031657501,6070,000008287,2217
4033617501,13529,000015741,2212
1011987501,7314,000009525,2211
1015527501,12339,000014546,2207
3027407503,7342,000009548,2206
3008467501,15375,000017580,2205
3082037501,20792,000022992,2200
4018547501,7322,000009520,2198
1001377505,13177,000015372,2195
2033437501,9000,000011193,2193
1004227501,14188,000016380,2192
1012707501,45658,000047850,2192
3022077502,4568,000006760,2192
3009347502,7916,000010107,2191
1007387503,21059,000023250,2191
3022017502,23789,000025980,2191
3061687501,6858,000009045,2187
3063627501,8316,000010500,2184
4013077501,13450,000015633,2183
1007907504,21172,000023353,2181
3024247501,9052,000011232,2180
3055917511,8261,000010440,2179
1001757503,35019,000037196,2177
3073807503,8597,000010774,2177
3023047501,4324,000006500,2176
1003947506,29797,31973,2176
1007467501,7558,000009733,2175
3001797501,8104,000010278,2174
1008567501,28224,000030398,2174
2030657501,69018,000071190,2172
3058977501,8264,000010432,2168
1001477505,19830,000021997,2167
3057027501,4528,000006695,2167
1004117501,5851,000008016,2165
4049947505,35733,000037895,2162
4000587501,15690,000017852,2162
3000317501,20798,000022958,2160
4051017504,6152,000008311,2159
3022237502,14793,000016950,2157
3008917501,52040,000054193,2153
3014297505,5995,000008147,2152
1016287501,5350,000007500,2150
3021467501,11316,000013466,2150
3027547502,7031,000009181,2150
3022197501,9143,000011291,2148
3056287508,3734,000005882,2148
3008767504,9818,000011966,2148
1018207504,6193,000008341,2148
3088247503,12503,000014646,2143
3021887503,18433,000020575,2142
1014247502,7158,000009300,2142
3056857506,4459,000006598,2139
3013787501,4920,000007058,2138
3073177501,7980,000010117,2137
3011387501,11326,000013463,2137
4044097503,20416,000022553,2137
3012837501,19525,000021660,2135
3056217509,16658,000018792,2134
1001357507,9867,000012000,2133
3019147501,3881,000006010,2129
3058727501,12131,000014260,2129
3022047502,27785,000029914,2129
3085567501,25014,000027142,2128
3019877501,4069,000006197,2128
3021397501,5135,000007260,2125
1015477501,8338,000010462,2124
3022517505,5946,000008069,2123
1000417502,11568,000013690,2122
3056857502,4181,000006300,2119
3024177504,4473,000006592,2119
3055957501,6885,000008997,2112
3017157505,8566,000010674,2108
3002517501,7445,000009553,2108
3008757502,4674,000006782,2108
4005947501,7322,000009426,2104
3013327503,5825,000007928,2103
3062857501,8795,000010896,2101
3054977506,8700,000010800,2100
1015217502,20743,000022839,2096
3003487503,16871,000018966,2095
1018327501,11790,000013885,2095
3022357506,20512,000022607,2095
4008727501,6163,000008253,2090
3003777501,12630,000014719,2089
3009007503,7454,000009538,2084
3054977501,5197,000007280,2083
3010297504,5493,000007575,2082
1002847502,19142,000021223,2081
1008047502,20422,000022500,2078
3067827501,19288,000021364,2076
3054687505,5927,000008000,2073
3073977501,5993,000008064,2071
1017107502,9340,000011410,2070
3068967501,6307,000008376,2069
3054657502,3975,000006042,2067
1006157501,4218,000006285,2067
1002207501,14309,000016375,2066
3022417530,21627,000023692,2065
3025217502,5220,000007285,2065
3056507501,890,2954,2064
1014927502,13750,000015813,2063
3055107501,3659,000005720,2061
3017887501,7145,000009206,2061
3011307502,6126,000008185,2059
3019287504,24769,000026826,2057
3012077501,4127,000006182,2055
3008767501,5207,000007260,2053
3004687501,8135,000010188,2053
3011527505,8638,000010690,2052
3008487501,5354,000007403,2049
1004167502,16230,000018279,2049
3013297501,7554,000009600,2046
3003367504,8725,000010770,2045
3060717502,9788,000011832,2044
3022677501,34602,000036645,2043
3009007504,4715,000006757,2042
3027477502,4827,000006869,2042
3022327502,7669,000009710,2041
1020257501,28545,000030584,2039
3025217501,17200,000019238,2038
3018997507,9154,000011189,2035
3054967501,4770,000006804,2034
4050397507,8114,000010147,2033
3017557502,11808,000013840,2032
3009647506,10273,000012303,2030
1009247501,8252,000010282,2030
3022647502,4696,000006725,2029
3056047501,3972,000006000,2028
3014297504,6273,000008301,2028
4006307501,4844,000006872,2028
4049607501,75920,000077943,2023
3031517502,78916,000080936,2020
4027567501,7745,000009765,2020
3022057502,2640,000004658,2018
3003527501,36683,000038700,2017
3056287503,5183,000007200,2017
3065487501,9544,000011557,2013
4015297501,3552,000005565,2013
1012517502,7625,000009636,2011
3009037501,2791,000004800,2009
1001807509,9994,000012000,2006
3057107501,7225,000009231,2006
4037277501,18316,000020320,2004
2059447501,15934,000017938,2004
1008857503,10402,000012404,2002
3086637503,5806,000007807,2001
1003777504,7340,000009340,2000
3001887502,4300,000006300,2000
1001337505,21292,000023292,2000
4068017505,20358,000022356,1998
1005697505,12588,000014586,1998
1007947503,7943,000009940,1997
1016737501,49783,000051774,1991
3015967501,11730,000013719,1989
3083747503,51259,000053248,1989
3020207503,2946,000004935,1989
3024567501,11590,000013578,1988
3030457501,6912,000008900,1988
3067487501,15499,000017486,1987
3054917504,3574,000005560,1986
3008917502,16872,000018855,1983
3002487501,6044,000008027,1983
3087867501,10243,000012225,1982
3056697501,2932,000004913,1981
4018387505,5408,000007387,1979
3067777502,4855,000006832,1977
1004867502,25923,000027899,1976
3054787501,3626,000005600,1974
3010667502,14661,000016634,1973
2031687501,101673,000103645,1972
3019687501,4739,000006710,1971
4015277502,93910,000095880,1970
3054487504,4143,000006112,1969
1001457503,8218,000010186,1968
3003197503,18612,000020580,1968
1001417505,13577,000015544,1967
3055117501,3533,000005500,1967
3023367501,5030,000006997,1967
3065977501,9299,000011264,1965
1013437504,33652,000035615,1963
3008147502,4886,000006849,1963
4053877501,13237,000015200,1963
3006737501,15390,000017352,1962
3040567501,7603,000009564,1961
3028837501,6265,000008224,1959
3012227501,5639,000007594,1955
1018887502,43166,000045120,1954
1004027502,9629,000011583,1954
3054337504,5928,000007882,1954
1019417502,8148,000010099,1951
2047957501,42970,000044920,1950
3062847501,6755,000008704,1949
4090467501,34887,000036835,1948
3028577502,16802,000018750,1948
1005257504,13686,000015625,1939
3028757502,6342,000008281,1939
3018417501,3527,000005466,1939
3055107502,3262,000005200,1938
1006297506,7243,000009179,1936
1008447503,17173,000019109,1936
3012647501,4305,000006240,1935
4035547501,20374,000022308,1934
3055987517,4142,6069,1927
3074317501,5935,000007862,1927
3018867502,9552,000011475,1923
1020907502,41213,000043135,1922
3025637501,14110,000016031,1921
3009447505,5055,000006976,1921
1014957502,12482,000014402,1920
3003567501,6080,000008000,1920
1018237503,7457,000009375,1918
3009157503,11055,000012970,1915
3018517501,2886,000004800,1914
1001337503,9131,000011045,1914
3011477504,8372,000010284,1912
3063277501,10068,000011979,1911
1001787501,11466,000013375,1909
3056497504,4220,000006127,1907
3067677501,8458,000010362,1904
3018857505,7759,000009662,1903
3008717502,5877,000007780,1903
1002117502,12098,000014000,1902
3056487501,4431,000006332,1901
3072817501,57923,000059823,1900
3074057503,8015,000009915,1900
1013427503,8651,000010550,1899
3022417526,6604,000008500,1896
1001917501,10811,000012705,1894
1015467501,2319,000004212,1893
3054727501,6317,000008208,1891
3046077501,24244,000026134,1890
3017767503,11280,000013168,1888
4005167501,5125,000007013,1888
3074717502,9848,000011735,1887
3017347511,10083,000011970,1887
3032007501,3395,000005280,1885
3056967506,6435,000008320,1885
3004357505,4087,000005968,1881
3057627503,8738,000010618,1880
1015527502,26714,000028593,1879
1015277502,26684,000028559,1875
1018407501,85857,000087732,1875
3056497506,4254,000006127,1873
3012667501,10629,000012501,1872
1005007504,38731,000040600,1869
3047937503,14037,000015902,1865
1019287505,7707,000009572,1865
3064597502,7628,000009492,1864
3005877501,4785,000006648,1863
1004757504,13687,000015549,1862
3027197503,18120,000019981,1861
1001877504,6189,000008050,1861
3001857502,17745,000019605,1860
4005937501,13241,000015100,1859
1020437503,7685,000009543,1858
3008747503,6347,000008205,1858
3010307501,5028,000006885,1857
3055907501,4194,000006050,1856
3003587502,3388,000005238,1850
1012107503,3891,000005741,1850
3026797502,6534,000008381,1847
1004697501,17498,000019345,1847
3056127501,5451,000007296,1845
3056237509,3120,000004960,1840
3022417520,6910,000008750,1840
1006197501,12678,000014518,1840
3011007501,24785,000026623,1838
3062657501,20372,000022209,1837
3006287501,12250,000014085,1835
1001457501,53570,000055404,1834
4049717501,28286,000030120,1834
3055027501,6996,000008829,1833
3032487501,8692,000010524,1832
4000337502,22991,000024822,1831
4006167502,4920,000006750,1830
3056497505,4299,000006127,1828
1002187503,21525,000023351,1826
3016707501,2974,000004800,1826
1004277501,11644,000013469,1825
1004167501,13672,000015497,1825
1004637501,30340,000032163,1823
1016237501,121654,000123475,1821
1018487501,22607,000024428,1821
3010237502,6797,000008615,1818
3055917503,9665,000011483,1818
3054407504,5360,000007177,1817
1001797503,40682,000042498,1816
1020677501,24328,000026140,1812
1017117501,6818,000008627,1809
1001327502,11537,000013345,1808
3057147502,8393,000010198,1805
1017537501,12018,000013820,1802
3020447503,6884,000008685,1801
3004597502,7199,000009000,1801
3063677501,15042,000016842,1800
4040767501,28200,000030000,1800
3019527501,12537,000014336,1799
3074707503,9570,000011368,1798
4044147502,17568,000019365,1797
3019147509,5454,000007250,1796
3032507501,3704,000005500,1796
3008507503,6024,000007820,1796
3074677501,4380,000006176,1796
3027507501,6872,000008666,1794
1019287503,12546,000014340,1794
3056867502,8126,000009920,1794
3052007501,3940,000005733,1793
3087697501,4332,000006124,1792
3056357506,5551,000007342,1791
3022637509,9228,000011013,1785
1019187501,9652,000011436,1784
3054447501,5346,000007128,1782
3010727504,4337,000006119,1782
4049557501,2478,000004258,1780
4017537501,3799,000005577,1778
1020767501,4572,000006350,1778
3022207501,4343,000006120,1777
1004757510,16664,000018440,1776
3056967503,4718,000006493,1775
3003907501,5508,000007280,1772
3013617501,7752,000009524,1772
3018977501,4663,000006433,1770
3088107501,8248,000010017,1769
3027347501,6513,000008281,1768
1005307502,31218,000032985,1767
3017477501,5684,000007450,1766
1008197504,24414,000026180,1766
3054327502,10546,000012312,1766
3011247505,4625,000006388,1763
3056157502,3138,000004900,1762
4016027501,59279,000061040,1761
1014197502,458574,000460334,1760
1005957502,23090,000024850,1760
1010587501,10426,000012183,1757
3010877502,3308,000005063,1755
3009977502,8176,000009930,1754
3021827501,11446,000013200,1754
4051817501,15651,000017404,1753
3027007501,47953,000049702,1749
1004407504,9465,000011213,1748
3011557501,7230,000008975,1745
3026797501,6534,000008276,1742
3056527501,3488,000005230,1742
1001947507,26612,000028348,1736
1008467501,49609,000051345,1736
2033187501,14904,000016638,1734
3022377512,7266,000009000,1734
3054477504,9522,000011255,1733
3004497502,6217,000007946,1729
4054157501,15735,000017464,1729
3010237504,4896,000006622,1726
3010427502,4805,000006530,1725
1019117502,11837,000013561,1724
3054307502,3438,000005160,1722
3068867501,11483,000013205,1722
3054307501,3438,000005160,1722
3053687501,5218,000006939,1721
3022927506,6866,000008585,1719
1012497501,4236,000005950,1714
1018427502,7505,000009215,1710
3003067503,4049,000005758,1709
3012547502,7983,000009692,1709
1017267501,7441,000009150,1709
1004157502,13108,000014814,1706
3062617501,8434,000010138,1704
3054487501,5858,000007560,1702
2033557501,17115,000018816,1701
4028697502,11659,000013359,1700
3063227501,10687,000012386,1699
3011377502,5893,000007592,1699
3024317501,7922,000009620,1698
4017677501,5678,000007375,1697
3086647504,4487,000006182,1695
3025597501,7223,000008913,1690
3017787501,5800,000007490,1690
3019847502,4718,000006404,1686
3018997504,9064,000010746,1682
3056437506,5418,000007100,1682
3056437505,5418,000007100,1682
3062887501,8400,000010080,1680
1008257501,18449,000020129,1680
4006607501,14010,000015689,1679
3028337501,16169,000017848,1679
3008377501,8216,000009894,1678
1004657501,12921,000014599,1678
1011657502,6282,000007960,1678
1006307501,8234,000009910,1676
3061847501,3313,000004988,1675
3064167501,7718,000009392,1674
3021017503,16236,000017910,1674
3022237505,6913,000008587,1674
3086697503,6942,000008614,1672
3006437505,5954,000007625,1671
3006437504,5954,000007625,1671
1001797505,11143,000012814,1671
3003967504,7843,000009510,1667
1019137501,5834,000007500,1666
3025597502,7043,000008708,1665
3002957501,3538,000005200,1662
3021297505,18500,000020160,1660
3040877501,13572,000015227,1655
1020237504,4773,000006425,1652
3068867502,4860,000006512,1652
1001747501,8348,000010000,1652
3002167501,15003,000016654,1651
3020297501,4110,000005760,1650
1008827501,8477,000010127,1650
3056347502,6087,000007736,1649
1003037501,21375,000023023,1648
3054377501,8140,000009788,1648
3053797503,7677,000009324,1647
3024367501,5395,000007042,1647
3008917503,4055,000005700,1645
5023637501,54676,000056320,1644
1011987503,6520,000008164,1644
3033057501,5803,000007445,1642
3006437502,5983,000007625,1642
3018977504,4708,000006350,1642
1001477506,11223,000012864,1641
1013767502,40224,000041863,1639
4042597502,7290,000008928,1638
4001397502,8634,000010270,1636
3056357505,11248,000012883,1635
3006437501,5990,000007625,1635
1013907503,7712,000009345,1633
3022377518,9841,000011471,1630
3032437501,5543,000007172,1629
3071487501,7572,000009200,1628
3058637501,17004,000018630,1626
1003997502,8189,000009814,1625
1004647502,9986,000011611,1625
3024207501,9215,000010840,1625
1001447503,9171,000010795,1624
1011697501,12788,000014410,1622
3051427501,13631,000015253,1622
1015667502,8677,000010296,1619
3066367501,5956,000007571,1615
3064167503,7815,000009428,1613
3012317501,9028,000010640,1612
3055917508,5861,000007473,1612
3054407502,5229,000006840,1611
3054347501,7825,000009436,1611
1010647501,31296,000032906,1610
5019927501,89526,000091136,1610
3004287504,9391,000011000,1609
3028337504,5267,000006873,1606
3055917501,5970,000007576,1606
3055937511,8940,000010545,1605
4050397501,21474,000023077,1603
3022357511,18398,000020000,1602
5053107501,17710,000019312,1602
3019037501,16674,000018275,1601
3031647501,4736,000006337,1601
3059807501,5660,000007260,1600
1012137505,5050,000006650,1600
3027527504,5412,000007012,1600
3003977505,6089,000007686,1597
1001477502,8264,000009860,1596
1005837501,3355,000004950,1595
2026857501,5480,000007070,1590
3009287504,8410,000010000,1590
1004877502,14733,000016321,1588
3080657501,27617,000029205,1588
3062217501,13077,000014664,1587
3027517501,4707,000006294,1587
3056357503,4783,000006370,1587
3010307503,6092,000007678,1586
3055987511,5106,000006691,1585
3002507501,88309,000089894,1585
3056097501,4863,000006448,1585
3056097506,3635,000005220,1585
1005437501,13430,000015014,1584
3056047503,6841,000008425,1584
3056837501,5457,000007040,1583
1003947502,14376,000015957,1581
1011467504,16600,000018180,1580
3057037505,7781,000009360,1579
3030427502,5781,000007359,1578
3019657502,5622,000007200,1578
3022347503,10198,000011772,1574
3010217502,6229,000007802,1573
3011587501,5855,000007424,1569
3029227502,4752,000006320,1568
3060217501,9912,000011480,1568
3028577503,7682,000009250,1568
3009447502,3973,000005540,1567
3052677501,13125,000014690,1565
3065807501,10435,000012000,1565
1007227501,95935,000097500,1565
3009497501,3899,000005462,1563
3000357501,20884,000022446,1562
3019727501,9175,000010734,1559
1008627501,60012,000061571,1559
3057117503,8041,000009600,1559
3057117502,8041,000009600,1559
1019587501,9991,000011550,1559
3021027502,7312,000008870,1558
3069197503,9896,000011452,1556
1007677501,3955,000005509,1554
3068657504,8214,000009768,1554
1006977501,73489,000075040,1551
3071677501,3952,000005500,1548
4015037501,7603,000009150,1547
3074047505,7374,000008920,1546
3057697501,12283,000013828,1545
3055617501,6305,000007849,1544
3010857502,4410,000005952,1542
3009467502,4739,000006280,1541
1011237501,4900,000006440,1540
1006277501,6631,000008171,1540
3055987505,5200,000006740,1540
3010437501,5416,000006954,1538
3056097504,3664,000005200,1536
3056097505,3664,000005200,1536
1017547501,5958,000007491,1533
3012307501,7839,000009372,1533
3019297501,5907,000007439,1532
3003997501,24114,000025646,1532
3069247502,15498,000017028,1530
3004477503,5571,000007101,1530
3068657501,8222,000009744,1522
1008027503,12143,000013661,1518
3056237508,6980,000008498,1518
3055927505,5580,000007098,1518
3011527501,3502,000005018,1516
3009207502,5457,000006972,1515
1001327506,10787,000012300,1513
3054337503,5511,000007023,1512
3069157502,5625,000007136,1511
3057067501,2490,000004000,1510
3031717501,4337,000005847,1510
3068017502,9267,000010774,1507
1000297503,23980,000025483,1503
3022377510,8003,000009504,1501
3009397504,4469,000005969,1500
3019297502,4945,000006444,1499
3008867504,6463,000007960,1497
3056427503,4887,000006382,1495
3026227502,6161,000007655,1494
3004477501,5883,000007375,1492
3027717501,6758,000008250,1492
3056287515,4464,000005952,1488
3055987514,11486,000012974,1488
4008857501,13923,000015410,1487
1005637501,46062,000047542,1480
3071237501,6862,000008342,1480
1001077502,5600,000007079,1479
3009327501,3049,000004528,1479
4007737501,4434,000005912,1478
3066797502,9848,000011323,1475
3062997501,8480,000009954,1474
3057207501,8928,000010400,1472
3062057501,6148,000007616,1468
3030427503,4668,000006134,1466
3086777501,6098,000007563,1465
3021377503,8537,000010001,1464
3016597501,5466,000006930,1464
3003397502,4537,000006000,1463
1017107501,12019,000013482,1463
3003397501,4537,000006000,1463
3062347501,6802,000008262,1460
3057047503,8100,000009560,1460
3055977503,4122,000005580,1458
3017547504,11215,000012672,1457
1008237505,6225,000007682,1457
3008187501,7056,000008512,1456
3062537503,8376,000009831,1455
3054907501,2747,000004200,1453
3020127501,6850,000008302,1452
3024057501,7620,000009072,1452
3010487502,6940,000008391,1451
3057847501,10484,000011934,1450
3026447504,5404,000006853,1449
3002417501,3432,000004880,1448
3073447501,10331,000011778,1447
3028667504,4875,000006321,1446
3027687501,3354,000004800,1446
3055187502,15056,000016500,1444
5038937501,140010,000141453,1443
3019057502,113302,000114743,1441
3054977504,6848,000008288,1440
4002677501,63519,000064957,1438
3022267506,6201,000007638,1437
3023387501,4246,000005682,1436
1004127502,8837,000010273,1436
1008967501,17300,000018736,1436
3069197507,8213,000009648,1435
1000977501,8802,000010236,1434
3032227501,11948,000013381,1433
1010567501,19222,000020655,1433
1004277505,12944,000014376,1432
3034377504,4812,000006244,1432
2023407501,36449,000037880,1431
3027777501,7819,000009250,1431
3031137501,127452,000128882,1430
1012287503,20377,000021807,1430
4068017506,8763,000010190,1427
3056217505,4489,000005916,1427
3056217506,4492,000005916,1424
3011027506,5583,000007007,1424
3022637504,14419,000015840,1421
3061387501,7685,000009105,1420
3022667505,6988,000008402,1414
3021137502,9453,000010865,1412
3058537502,8844,000010255,1411
3012067502,11291,000012700,1409
3024287501,10843,000012250,1407
3054367501,8359,000009765,1406
3055937512,7082,000008483,1401
3003497501,4400,000005800,1400
4032937501,105462,000106862,1400
4017757504,17701,000019100,1399
3057127501,3695,000005092,1397
1012437501,171602,000172997,1395
3072637501,4521,000005915,1394
3017767501,4643,000006037,1394
3010537505,5257,000006650,1393
3010537504,5257,000006650,1393
3003217502,5732,000007125,1393
3010537506,5257,000006650,1393
3001207501,6784,000008174,1390
3010967502,4572,000005961,1389
4063087501,29383,000030771,1388
3033667501,43812,000045200,1388
3054267501,7600,000008988,1388
1019087503,3854,000005241,1387
1002307503,40485,000041871,1386
1002197506,14978,000016363,1385
3004087501,6052,000007436,1384
1005207502,4912,000006295,1383
3063707503,11424,000012806,1382
4017727501,3768,000005150,1382
3030547501,5819,000007200,1381
3054537501,4458,000005838,1380
3001937501,26861,000028241,1380
1014587504,7141,000008520,1379
3056937502,8646,000010024,1378
3056817501,8920,000010296,1376
3006497501,5372,000006747,1375
3056387501,7305,000008679,1374
3056647504,7176,000008550,1374
3025137501,6180,000007552,1372
3056357504,4999,000006370,1371
3072607504,5649,000007020,1371
3004677502,7735,000009106,1371
1010587502,8995,000010364,1369
3063977501,8365,000009734,1369
4014587501,42827,000044195,1368
3004477504,9194,000010562,1368
3074337503,1700,000003065,1365
3011777501,4336,000005700,1364
3054487503,7036,000008400,1364
3019707503,5251,000006612,1361
1004757501,15987,000017347,1360
1013757503,175527,000176887,1360
1012487501,3680,000005040,1360
3009867502,3785,000005143,1358
1016327501,6332,000007690,1358
3055107503,6791,000008149,1358
3054717503,5424,000006780,1356
3053507502,5488,000006844,1356
4006107501,7445,000008800,1355
3055037502,6953,000008308,1355
3053817504,7746,000009101,1355
3022177501,5051,000006406,1355
1005697503,56541,000057892,1351
1004197501,10420,000011769,1349
3006437507,5357,000006705,1348
4049557506,3052,000004400,1348
3015257501,4053,000005400,1347
3008267502,5463,000006809,1346
1012137502,5351,000006697,1346
3004167501,7947,000009291,1344
3021377501,7942,000009285,1343
3001857501,12724,000014067,1343
3068017504,4459,000005800,1341
3032297501,5322,000006662,1340
1014397502,32520,000033860,1340
1021307501,3391,000004731,1340
1001467504,12663,000014003,1340
1015787503,8661,000010000,1339
4005667501,13463,000014800,1337
1005227501,37427,000038763,1336
3030407502,4614,000005950,1336
3022377504,5965,000007300,1335
4006537501,5290,000006624,1334
3053627501,19640,000020974,1334
3022427506,7134,000008467,1333
3011737501,9428,000010759,1331
3022377507,5953,000007283,1330
3009987506,5970,000007299,1329
3074447502,5940,000007268,1328
3054807501,4304,000005632,1328
3001847502,2193,000003520,1327
1001357502,14910,000016237,1327
3067637501,7512,000008838,1326
3079917501,4475,000005800,1325
1020237502,4175,000005500,1325
3056497507,3577,000004900,1323
3021607502,9552,000010875,1323
3056247505,4752,000006075,1323
3056217507,4978,000006300,1322
3009597503,3680,000005000,1320
1015787502,14791,000016110,1319
3019677505,3891,000005210,1319
3056347506,10147,000011465,1318
3057527501,5682,000007000,1318
4049557509,2937,000004252,1315
3053817502,6410,000007724,1314
3056487503,4356,000005668,1312
4049557511,2940,000004252,1312
4049557510,2941,000004252,1311
3003507502,10006,000011315,1309
4049557507,2943,000004252,1309
3023947503,5929,000007237,1308
3072637502,4282,000005589,1307
3012707503,5048,000006355,1307
3068977501,2819,000004125,1306
1017207502,12144,000013448,1304
3004097502,4370,000005674,1304
3055937509,7096,000008400,1304
3009357502,2395,000003698,1303
3009647503,14055,000015358,1303
3057037501,2520,000003820,1300
1018207502,24655,000025955,1300
3022647512,15999,000017298,1299
4051217501,143801,000145100,1299
3004707504,5599,000006898,1299
4050117501,9952,000011250,1298
3002807503,10639,000011937,1298
3055927514,4697,000005995,1298
3025417501,4503,000005800,1297
4016177501,3906,000005200,1294
4016177502,3906,000005200,1294
3024567502,10684,000011976,1292
3003977504,5928,000007220,1292
3011527503,3957,000005248,1291
3070037501,7711,000009002,1291
4005497502,56979,000058269,1290
3004287505,5838,000007125,1287
1010547501,3806,000005092,1286
4049557508,2969,000004255,1286
4049557512,2972,000004255,1283
3054767502,3942,000005224,1282
3072127501,22062,000023343,1281
3057057501,3519,000004800,1281
3000367502,26247,000027526,1279
3056167501,6281,000007560,1279
3056507502,11016,000012295,1279
1021807502,12937,000014214,1277
3009377501,19474,000020750,1276
3008977501,4027,000005300,1273
3071447501,8913,000010184,1271
3028297503,5187,000006458,1271
3062627501,8938,000010208,1270
3056237506,4357,000005626,1269
3068967502,12960,000014229,1269
1005257502,11989,000013256,1267
1011267501,8442,000009708,1266
3009527501,3734,000005000,1266
3074337502,1800,000003065,1265
3060927502,9592,000010857,1265
3012147501,4259,000005523,1264
3010537502,2950,000004212,1262
3056987502,4338,000005600,1262
1017887502,10828,000012090,1262
3007867501,7559,000008820,1261
3027227501,50294,000051554,1260
3054437501,3780,000005040,1260
4009467502,10323,000011580,1257
3027207501,4683,000005934,1251
3056217508,5051,000006300,1249
3018327501,3844,000005093,1249
1004947502,16659,000017907,1248
4054597502,10515,000011762,1247
3029177501,7206,000008452,1246
3060867502,7827,000009072,1245
3022387502,4835,000006080,1245
1019447501,11475,000012720,1245
3028337502,5631,000006875,1244
3056237503,3077,000004320,1243
3056487502,6343,000007585,1242
3019827501,5040,000006280,1240
3015277501,5814,000007054,1240
3004097503,7082,000008322,1240
3061317501,5381,000006620,1239
3056637501,5093,000006330,1237
3024887501,5483,000006720,1237
3074117501,11923,000013160,1237
3008857501,5556,000006792,1236
3055927516,4759,000005995,1236
3063717502,10365,000011600,1235
3068757501,10565,000011800,1235
3012277501,4383,000005616,1233
1018077501,8512,000009745,1233
1011287502,7394,000008625,1231
3013287501,1872,000003102,1230
1005257503,26318,000027548,1230
3054657504,3890,000005120,1230
1005947502,6249,000007475,1226
1003847504,9083,000010309,1226
3054477501,3720,000004946,1226
3053817503,8184,000009410,1226
3028667502,5667,000006892,1225
3054367502,5095,000006318,1223
1002197504,65921,000067144,1223
1001907507,7177,000008400,1223
3009487501,13938,000015160,1222
3022347506,7140,000008362,1222
4000777502,4280,000005500,1220
3064157501,9658,000010876,1218
3007577502,6285,000007500,1215
3007577501,6286,000007500,1214
3022317501,8556,000009767,1211
1020797501,10789,000012000,1211
3057697502,11386,000012597,1211
3022377509,6152,000007362,1210
3017717502,5665,000006875,1210
3055927502,5294,000006500,1206
3010857504,4265,000005470,1205
3064437501,8768,000009972,1204
3022407515,4169,000005373,1204
1018757501,134422,000135625,1203
3009447503,4918,000006118,1200
1004857502,23372,000024572,1200
1011287501,8010,000009210,1200
1012137506,9997,000011195,1198
3021527502,5272,000006469,1197
1005187503,8528,000009725,1197
3054767501,3876,000005070,1194
1017547502,7966,000009160,1194
1012257502,3142,000004335,1193
3010677503,3744,000004935,1191
3009197501,8106,000009294,1188
1019057501,6970,000008155,1185
3062767501,7890,000009073,1183
3010817504,3565,000004748,1183
1008857504,15367,000016550,1183
3003897502,4005,000005187,1182
3008407501,5214,000006395,1181
3057117501,8420,000009600,1180
3008107501,7313,000008490,1177
3056217504,5037,000006213,1176
3056217503,5037,000006213,1176
3083807501,4478,000005654,1176
1012117501,7863,000009039,1176
3023837502,7145,000008321,1176
3055027503,9673,000010848,1175
1010707501,27410,000028585,1175
3054707501,10728,000011903,1175
1008007502,30175,000031350,1175
3018867505,8909,000010080,1171
3002807501,67159,000068330,1171
3056497503,6480,000007650,1170
4050417503,6390,000007560,1170
1015527503,6806,000007976,1170
3023837504,4215,000005383,1168
3030427504,8301,000009467,1166
3009397502,76245,000077411,1166
3024057502,5844,000007009,1165
3017547505,28244,000029408,1164
1019027504,8037,000009200,1163
3054727503,6925,000008088,1163
3054887501,6710,000007872,1162
3022377517,11203,000012364,1161
3009827501,4640,000005801,1161
3056287501,7966,000009120,1154
4015177501,6347,000007500,1153
3054767503,3888,000005041,1153
1002307506,26002,000027154,1152
1012457502,5241,000006391,1150
3057057506,4051,000005200,1149
3056637502,3812,000004960,1148
3056427501,4844,000005992,1148
3055767501,14215,000015360,1145
1015517501,7201,000008345,1144
4022647502,7076,000008220,1144
4000297501,5311,000006454,1143
3056287510,4258,000005398,1140
2030837501,13060,000014200,1140
3011547502,3536,000004676,1140
4098327501,10284,000011424,1140
3005757501,4336,000005475,1139
4068017502,9748,000010886,1138
3027217501,18545,000019682,1137
3009607501,7209,000008345,1136
3025397502,9981,000011116,1135
4019857501,4743,000005875,1132
3022407510,5070,000006201,1131
3022407517,6009,000007140,1131
3018077501,4467,000005596,1129
1004407501,6528,000007656,1128
3026217502,6529,000007657,1128
3019797502,18119,000019247,1128
3067977501,4575,000005700,1125
3011027505,11932,000013057,1125
1004607502,27445,000028569,1124
3023137501,11311,000012434,1123
5043127501,24230,000025352,1122
3004037506,4978,000006099,1121
3066027503,6857,000007976,1119
3053947504,5058,000006177,1119
3019637501,2194,000003312,1118
3006377502,4339,000005457,1118
1013627501,3883,000005000,1117
3030237505,8243,000009360,1117
3074057501,69586,000070702,1116
3003857502,5703,000006818,1115
3009477502,6035,000007150,1115
1005087501,18030,000019144,1114
3087827501,4782,000005896,1114
3009497505,4236,000005349,1113
1007187501,146020,000147133,1113
3022307502,12005,000013117,1112
3056567504,3255,000004367,1112
1020237505,4790,000005900,1110
4050427502,13168,000014278,1110
4053107501,16103,000017213,1110
1019167502,3171,000004280,1109
3032837501,2776,000003883,1107
3022417532,6094,000007200,1106
3017897502,4658,000005763,1105
3022667507,7283,000008387,1104
3056647502,5407,000006510,1103
1021807503,67527,000068630,1103
1007517501,9538,000010641,1103
1016607502,4778,000005880,1102
3053837501,5836,000006936,1100
1002307501,22513,000023612,1099
3010857505,7019,000008117,1098
3056347501,21544,000022641,1097
3009467505,4281,000005377,1096
3022667503,7259,000008355,1096
3022667502,7259,000008355,1096
4006167501,5307,000006401,1094
3017547503,7860,000008951,1091
3054387501,6011,000007101,1090
3031577502,4100,000005189,1089
3054427504,6305,000007394,1089
4019907501,7462,000008550,1088
1005567501,25071,000026158,1087
1016337501,7028,000008115,1087
4161737501,97137,000098222,1085
3072937501,10419,000011504,1085
3009857503,3329,000004413,1084
1001757502,13319,000014403,1084
3022417508,7316,000008400,1084
3026227504,5721,000006804,1083
3073987501,9775,000010856,1081
5055317501,5133,000006213,1080
1012447501,19038,000020118,1080
3068637501,8441,000009520,1079
3059607502,14884,000015963,1079
1013977502,4973,000006052,1079
3056377503,7546,000008624,1078
3009317501,6563,000007640,1077
5046687501,8213,000009290,1077
3053947502,4005,000005080,1075
3057597502,9113,000010187,1074
3071037501,12776,000013850,1074
4068977502,32453,000033527,1074
3055927511,5426,000006498,1072
1002837501,9584,000010656,1072
1004737504,7650,000008721,1071
3073257502,11471,000012542,1071
1010607501,8304,000009375,1071
1001337501,29167,000030237,1070
3022667501,7285,000008355,1070
3010727501,5354,000006420,1066
1005217503,10149,000011214,1065
3074057502,5596,000006660,1064
4114587501,12376,000013440,1064
3056967504,4918,000005980,1062
3053947503,4018,000005080,1062
5002257501,23192,000024253,1061
2032617501,20800,000021861,1061
1016437501,8894,000009954,1060
3027427501,7584,000008643,1059
1013887503,7057,000008116,1059
3067387501,10123,000011181,1058
1011177501,10519,000011575,1056
1004797501,5534,000006585,1051
1008237504,9647,000010697,1050
3019707504,4201,000005250,1049
3048007501,11974,000013021,1047
1002827501,22236,000023283,1047
3054177501,3922,000004968,1046
3022667511,9308,000010353,1045
3056557501,7307,000008352,1045
3011517501,3958,000005000,1042
3023877501,15180,000016222,1042
3066227501,21120,000022160,1040
1020807501,3174,000004214,1040
3028667501,14930,000015969,1039
3020137502,11904,000012942,1038
3009517504,4599,000005636,1037
3021837501,17823,000018860,1037
3056417504,3964,000005000,1036
3056417503,3964,000005000,1036
3055887504,5239,000006274,1035
3055887505,5239,000006274,1035
3020747503,5625,000006659,1034
3063387501,3166,000004200,1034
3019147507,19708,000020741,1033
3050307501,4318,000005350,1032
3021197501,3520,000004551,1031
1004147501,6790,000007820,1030
3009527503,5846,000006875,1029
3019667502,8252,000009280,1028
3064137503,8492,000009520,1028
3055937506,4072,000005100,1028
3056707503,4109,000005136,1027
3055887506,5102,000006128,1026
3004497503,6950,000007976,1026
3006467501,9054,000010080,1026
3026237501,6399,000007425,1026
1006327502,28569,000029595,1026
1002977501,9275,000010299,1024
3009527502,5853,000006875,1022
3021997501,5787,000006809,1022
1001727505,25166,000026186,1020
3019267503,7105,000008125,1020
3064017502,9351,000010371,1020
3057547501,3719,000004739,1020
3057137501,3874,000004893,1019
1020537501,5466,000006483,1017
3017477502,5974,000006990,1016
3008507504,4329,000005344,1015
3021537505,7262,000008276,1014
1020237501,4175,000005189,1014
3009627501,4586,000005600,1014
3057597501,5911,000006925,1014
3016447502,4111,000005125,1014
3054177502,4256,000005270,1014
3025047502,5073,000006087,1014
3054917503,3947,000004960,1013
4049777503,74390,75402,1012
3033107501,7488,000008500,1012
3053797502,4188,000005200,1012
3056907502,3142,000004152,1010
2034327503,109944,000110952,1008
4162337501,88404,000089412,1008
4050417501,2863,000003870,1007
3073257505,8662,000009666,1004
3022407506,3752,000004755,1003
3019417501,39106,000040106,1000
3020167502,7193,000008193,1000
4013497501,30828,000031828,1000
3003377501,5600,000006600,1000
1008437501,52396,000053396,1000
3008977502,5512,000006511,999
3044527502,63199,000064197,998
1008487505,93291,000094289,998
3044527501,63199,000064197,998
1004587502,8577,000009574,997
3010947502,4581,000005577,996
3086637501,4996,000005992,996
3053967504,3505,000004500,995
3026847501,5007,000006000,993
2057877501,9115,000010108,993
4015147501,4316,000005307,991
3076387502,4771,000005760,989
3088127502,4979,000005968,989
3013767501,7147,000008136,989
3062247501,7966,000008954,988
3019467501,2807,000003794,987
1002927501,8727,000009714,987
5024507514,117664,000118650,986
3062237501,5255,000006240,985
1008247501,18377,000019362,985
3054657503,4135,000005120,985
3002757503,7562,000008546,984
1016457501,6572,000007555,983
1005767503,37683,000038665,982
3022667509,9208,000010187,979
3056707504,4155,000005133,978
3009327504,4143,000005120,977
3023187501,5934,000006910,976
3056247503,5047,000006023,976
4027967501,10709,000011685,976
1005887501,6507,000007482,975
3074577501,8888,000009862,974
3013947501,6780,000007752,972
3004037505,3428,000004400,972
3010977501,12380,000013352,972
2054877501,7408,000008378,970
3020907501,5983,000006952,969
3063827503,8778,000009747,969
3056567503,5158,000006127,969
3056567501,5158,000006127,969
3055937503,4132,000005100,968
3055937502,4132,000005100,968
5023607501,64096,000065064,968
3055937504,4132,000005100,968
1018907501,4082,000005050,968
3068207501,8534,000009500,966
3055927515,4627,000005592,965
3000557505,9229,000010194,965
3054337502,20230,000021195,965
1019047502,3858,000004822,964
3057687504,4086,000005050,964
1004617501,8296,000009260,964
3022407501,4023,000004986,963
3022667510,7394,000008355,961
3022667504,7394,000008355,961
4101357501,12240,000013200,960
3008507501,6976,000007932,956
3019617503,3718,000004674,956
3026447501,10390,000011345,955
3003617501,7676,000008630,954
3074417501,10555,000011508,953
3022667508,7389,000008340,951
3024007501,9160,000010111,951
1005727501,14106,000015056,950
4053307501,7370,000008320,950
1013897502,7046,000007996,950
1005957501,55667,000056614,947
3008077501,9142,000010089,947
3056107505,6015,000006960,945
3018977506,4885,000005830,945
3010357503,5790,000006735,945
1005737501,3800,000004744,944
1011467502,6286,000007229,943
3056217501,4086,000005028,942
3003327503,5020,000005955,935
3053647502,6467,000007400,933
3021017505,4515,000005446,931
3017897501,5274,000006204,930
3074147502,9121,000010050,929
1001757505,33563,000034491,928
1010377501,25672,000026600,928
3056567502,5199,000006127,928
3027567502,4242,000005169,927
3064117502,8594,000009520,926
3009697501,6094,000007020,926
3064137502,8311,000009236,925
3004357503,3040,000003964,924
1002157504,176493,000177414,921
3018077502,4105,000005026,921
4027347501,9695,000010614,919
3019777501,3120,000004039,919
3010297503,5605,000006523,918
3055887501,5102,000006018,916
4021167501,48581,000049495,914
1004897501,9337,000010249,912
3010797501,7522,000008434,912
3001927502,6230,000007141,911
3057647501,25872,000026782,910
4017627501,3990,000004900,910
3021857501,6288,000007196,908
3056717501,5293,000006200,907
3003977503,5390,000006295,905
3019597502,3096,000004000,904
1013627502,152211,000153114,903
3014297503,5261,000006164,903
1002097502,13054,000013957,903
4013047501,14807,000015709,902
1007987501,16679,000017580,901
4017817503,7019,000007920,901
4015307501,16441,000017340,899
3064257505,8196,000009094,898
1004977501,12180,000013078,898
4030577501,43573,000044470,897
3009757501,4311,000005208,897
3057127502,3695,000004591,896
3057127503,3695,000004591,896
3022377514,12539,000013435,896
3035217501,6705,000007600,895
1020077502,17507,000018402,895
3064597501,6672,000007566,894
3017857502,4055,000004949,894
3010297505,5497,000006390,893
3056717506,5951,000006843,892
1001797501,14368,000015260,892
3027547505,6369,000007260,891
1012507502,5936,000006826,890
3017857503,3434,000004324,890
1014247503,10004,000010893,889
3022207502,4310,000005198,888
1019307501,24342,000025230,888
1002127502,21516,000022404,888
3068987501,3212,000004100,888
3073577501,4153,000005040,887
3001937502,31719,000032605,886
5010737501,5415,000006300,885
3054067501,4833,000005717,884
3022627506,18406,000019289,883
1014587503,480871,000481754,883
3025977501,6979,000007860,881
3066687501,9016,000009896,880
3056717505,4776,000005655,879
1001807501,15421,000016300,879
3025417503,9323,000010201,878
3018377501,4097,000004975,878
3054537503,3960,000004836,876
3053967501,3578,000004452,874
3029167501,8031,000008905,874
3057517501,6813,000007686,873
3053967503,3579,000004452,873
3053967502,3579,000004452,873
3018987501,13960,000014833,873
3068537501,9220,000010092,872
1015847502,6895,000007765,870
3055987503,7531,000008400,869
3003907504,2732,000003600,868
3054327501,4820,000005687,867
3055987515,11632,000012498,866
3008147501,5333,000006199,866
3056857505,3510,000004374,864
3024837501,6925,000007788,863
3022047501,9090,000009949,859
3027447501,31912,000032770,858
3053187501,9187,000010044,857
3020037501,5863,000006720,857
3003067501,4800,000005656,856
3088057502,9323,000010179,856
3056137501,3104,000003960,856
3056717503,9365,000010220,855
3026247503,6001,000006855,854
3003797501,5475,000006326,851
3011407504,4857,000005708,851
3011407502,4856,000005707,851
3021367505,6999,000007850,851
3070267501,3400,000004250,850
3056037501,5651,000006500,849
1009127501,2484,000003332,848
3027407502,5243,000006090,847
3009987503,20752,000021599,847
3057667501,13454,000014301,847
3021697504,6836,000007680,844
3074687505,5758,000006600,842
3022357502,7628,000008470,842
3006037501,9719,000010560,841
3063337501,6720,000007560,840
3074377504,2716,000003556,840
1008587501,48917,000049756,839
3021377504,4881,000005720,839
3015897501,8111,000008950,839
3088047503,6305,000007144,839
1007967502,56442,000057280,838
3018887502,4735,000005572,837
3060567501,6980,000007816,836
3022357501,7634,000008470,836
3056237501,3514,000004350,836
4028207501,2287,000003122,835
3055927507,4676,000005508,832
3080107501,10570,000011402,832
3056037502,5670,000006500,830
1007927504,195190,000196020,830
3023587502,11852,000012680,828
3019297503,5096,000005924,828
3002747501,6718,000007545,827
3028337503,6173,000007000,827
3065907501,10974,000011800,826
3026227501,6174,000007000,826
3009457502,4988,000005813,825
3057687501,10726,000011550,824
3070297501,6850,000007674,824
1007647501,17902,000018725,823
3047927502,4673,000005494,821
1017257503,4720,000005541,821
3021017506,5567,000006387,820
3055937513,9680,000010500,820
3022667506,7427,000008246,819
1005927501,27933,000028751,818
3020727503,3516,000004334,818
3004417501,5343,000006160,817
3011327501,5389,000006206,817
1006237501,36822,000037638,816
3010037503,1887,000002700,813
5028297501,71466,000072279,813
3069197501,5667,000006480,813
3030437503,7313,000008125,812
4013377502,21192,000022003,811
3068977502,4531,000005342,811
3065827501,4389,000005200,811
3065827502,4389,000005200,811
1019447502,46949,000047759,810
3055067501,5887,000006695,808
4008727502,18528,000019335,807
3010247501,3929,000004736,807
1018477505,5755,000006561,806
3072037501,8396,000009202,806
3027477501,7122,000007928,806
1005087504,4491,000005296,805
4018687502,2385,000003190,805
3087867503,9267,000010070,803
3010427503,4718,000005520,802
3087197501,11483,000012285,802
3067527502,7478,000008280,802
3010957501,4700,000005500,800
3018337501,5255,000006055,800
3011577501,14752,000015552,800
3010637502,3818,000004618,800
3065997501,4723,000005520,797
1014307501,261701,000262496,795
3007927501,6645,000007440,795
1018917501,5786,000006579,793
3027547501,4708,000005500,792
1002387503,21182,000021973,791
3061077501,12652,000013443,791
3011047507,4568,000005356,788
3028287501,5761,000006548,787
4051377502,78714,000079500,786
3063007501,14145,000014930,785
3022057504,3282,000004066,784
1003847505,8702,000009486,784
4050377503,4900,000005683,783
3056117502,6587,000007370,783
1019607501,2545,000003328,783
3021607501,1940,000002720,780
1005087502,69802,000070582,780
1006237502,4082,000004861,779
3019967502,4560,000005339,779
1004927501,44612,000045391,779
3009897502,4866,000005644,778
3021317502,11119,000011897,778
3026577501,4853,000005630,777
1020637501,4881,000005657,776
4028757501,11924,000012700,776
3074697501,16340,000017115,775
3021917501,5646,000006419,773
3003267502,6312,000007085,773
3054407505,6405,000007177,772
3054477503,7102,000007874,772
3002367501,8457,000009227,770
3064247501,8475,000009242,767
3001807502,87898,000088664,766
1004827503,10822,000011588,766
3074607501,14572,000015337,765
3010837502,4810,000005575,765
1016287502,9284,000010046,762
3020727504,4223,000004984,761
3018377502,3000,000003760,760
3056637505,2960,000003720,760
1008497501,22805,000023565,760
3022377508,6037,000006796,759
5019947501,86108,000086866,758
4052817501,57296,000058052,756
3024207502,4545,000005300,755
3019667507,4452,000005206,754
3019667506,4452,000005206,754
3019667505,4452,000005206,754
3074377501,2894,000003648,754
3056557504,6340,000007094,754
3056557503,6376,000007130,754
3010827501,9333,000010084,751
1005167501,15204,000015955,751
1011297501,7292,000008042,750
3056717504,6457,000007205,748
4050377502,4936,000005683,747
3010307502,6059,000006803,744
3027817501,7135,000007878,743
3055937507,4132,000004875,743
3019607501,37312,000038053,741
3009307501,3974,000004714,740
3065077501,5010,000005750,740
3088047502,6052,000006788,736
3009537501,4064,000004800,736
3054717505,10081,000010816,735
1010257501,141350,000142081,731
3064397501,13384,000014115,731
3023927502,5457,000006187,730
3010847501,167912,000168641,729
1018157501,4231,000004960,729
3010477503,5742,000006471,729
3054937503,4942,000005670,728
3014297506,6273,000007000,727
1019287501,5515,000006241,726
3027737501,6029,000006754,725
3024057503,7486,000008210,724
3064467504,7286,000008008,722
1003917501,7595,000008317,722
3054937501,5028,000005750,722
3054937502,5028,000005750,722
1019297501,14160,000014882,722
1001727503,12586,000013307,721
4012987501,10406,000011126,720
3055927501,4155,000004875,720
3070957501,10134,000010853,719
3088047501,5002,000005720,718
3011507503,3928,000004646,718
1005907501,10270,000010987,717
3070247501,5000,000005716,716
3018177501,9235,000009950,715
1005287501,49579,000050292,713
3024577501,5173,000005886,713
3019807503,4106,000004818,712
3031667501,5426,000006136,710
1012507501,5176,000005885,709
1020617501,3110,000003819,709
3054357501,7336,000008045,709
3068487501,7319,000008028,709
3010437502,4374,000005081,707
1001797502,11289,000011995,706
1020507502,2913,000003619,706
1018387502,47796,000048500,704
3003767501,4888,000005591,703
4019037501,5020,000005723,703
3021297503,14117,000014820,703
1013747501,304595,000305297,702
4000767501,5109,000005811,702
1008747503,12158,000012860,702
3031577501,10211,000010913,702
4024737501,4906,000005607,701
1013917501,9336,000010035,699
4041297501,6953,000007651,698
1004517501,2948,000003646,698
4018397501,11135,000011832,697
1013887502,4640,000005336,696
1019047503,4223,000004919,696
3055027504,6065,000006760,695
3055027505,6065,000006760,695
1003107501,4607,000005300,693
3009497504,4047,000004740,693
3009547502,4990,000005681,691
3022267504,3408,000004098,690
3056247501,3110,000003800,690
3019677501,3810,000004500,690
3011327504,5267,000005956,689
4019517501,14792,000015480,688
1005307507,20621,000021309,688
3007577503,6813,000007500,687
3063827501,10530,000011215,685
3053967505,3578,000004263,685
3011587503,6004,000006689,685
1007717501,4158,000004840,682
3019667501,4544,000005225,681
1016777502,8721,000009400,679
3003667503,4946,000005625,679
1011997501,6315,000006993,678
3051047501,17216,000017892,676
3020277501,5377,000006053,676
3001957502,4225,000004900,675
3056857503,5625,000006300,675
3049337501,5355,000006028,673
3003917502,3928,000004600,672
3056357507,8452,000009124,672
3054987501,4873,000005544,671
3056287511,4872,000005542,670
3056567505,11775,000012443,668
1013977505,175623,000176290,667
1001447504,16184,000016851,667
3010687501,3800,000004466,666
3053827504,4140,000004800,660
3009987505,5340,000006000,660
1020427503,3168,000003827,659
3056297502,4061,000004720,659
3056297501,4061,000004720,659
3054497501,6761,000007420,659
4050507501,26375,000027033,658
3056487504,3870,000004527,657
3011507501,5956,000006612,656
5070557502,153912,000154568,656
3065807502,11468,000012124,656
1019437504,5652,000006307,655
3010637503,6956,000007611,655
3022417501,8265,000008920,655
3010907501,3930,000004585,655
3064177502,7278,000007932,654
1008947503,55408,000056062,654
3061277501,6776,000007428,652
3055927503,3257,000003909,652
3019777502,4071,000004723,652
3024077502,6716,000007368,652
3012247502,2890,000003540,650
3009347506,4150,000004800,650
4030987501,17213,000017863,650
1005457503,107106,000107754,648
3022247503,11908,000012556,648
3053827503,4856,000005504,648
3021577502,2926,000003574,648
3056347505,4413,000005060,647
3011527502,7671,000008316,645
1007407501,75271,000075916,645
3054307503,4973,000005615,642
1017187502,4635,000005276,641
3008717501,4361,000005000,639
3059137501,9394,000010032,638
3020727501,5652,000006290,638
3086637502,4143,000004780,637
3063267501,8373,000009009,636
3003217501,36339,000036973,634
3054617501,4167,000004800,633
3022417516,6369,000007000,631
3054427501,5401,000006032,631
3010977504,6421,000007052,631
4034237501,4193,000004822,629
3017367501,12196,000012825,629
3009657502,5298,000005925,627
3011627502,4213,000004840,627
3056357508,9571,000010198,627
3056357501,3507,000004133,626
1017507501,4774,000005400,626
3011047501,8213,000008838,625
3054807502,5285,000005908,623
3023377501,12947,000013570,623
3032807502,17089,000017709,620
3053797501,3380,000004000,620
3039777501,12606,000013226,620
3009327507,4510,000005129,619
1004647501,17431,000018050,619
3057047501,5682,000006300,618
3025047501,8966,000009583,617
3022987501,27702,000028319,617
3023327501,276562,000277178,616
3057657502,12384,000013000,616
1002737502,10236,000010852,616
3011037501,11185,000011800,615
1004817501,2678,000003293,615
3002157501,5127,000005741,614
3064957502,5427,000006041,614
3013887501,11338,000011952,614
1001807504,14486,000015100,614
3064957501,5427,000006041,614
4000407502,9922,000010535,613
1004817502,79440,000080052,612
3055987501,3938,000004550,612
3054917502,7263,000007875,612
1020417505,3165,000003776,611
3009857502,5022,000005630,608
1006087503,3705,000004312,607
1004347502,12038,000012645,607
1005777502,233409,000234015,606
3018557501,3127,000003732,605
3022237504,6595,000007200,605
1007427502,2597,000003202,605
3003487502,4716,000005320,604
3054807503,5028,000005632,604
3020447501,10128,000010732,604
3087867502,5918,000006521,603
3027587503,8020,000008623,603
1007907503,12885,000013485,600
3056417502,4422,000005022,600
1004157501,7345,000007945,600
3071227501,13500,000014100,600
1008927504,6629,000007228,599
1002367501,39814,000040413,599
3063257501,9015,000009614,599
3010857506,3268,000003866,598
3001887501,3066,000003664,598
1007547501,3495,000004092,597
1013977501,3634,000004229,595
3034137501,4891,000005486,595
3028577504,10440,000011035,595
3025407501,6183,000006778,595
3009467504,3447,000004039,592
3018887501,3873,000004465,592
3019897501,2748,000003340,592
3012767501,22128,000022720,592
1000977504,17111,000017700,589
3056857501,5441,000006030,589
3009347503,5912,000006500,588
4053017501,16753,000017340,587
1019217501,7668,000008255,587
1005747501,5362,000005948,586
3026977502,12220,000012806,586
3018997503,17354,000017939,585
3074347502,8040,000008624,584
3022377501,5516,000006100,584
4051017501,9767,000010350,583
3021537501,5728,000006310,582
3055927506,5399,000005981,582
1019547501,221293,000221875,582
3054767504,3876,000004457,581
3017887504,3956,000004537,581
4004327501,39948,000040529,581
3010307504,7309,000007889,580
4033717501,32304,000032884,580
3034127501,3891,000004470,579
3017737501,4208,000004784,576
4162317502,5529,000006105,576
3003607501,9391,000009966,575
3057657503,6896,000007467,571
3022627509,5512,000006082,570
1018427503,12781,000013350,569
1014107502,49053,000049621,568
1007927507,11200,000011768,568
1008227503,25588,000026154,566
3068657502,7630,000008195,565
3062847502,6404,000006968,564
3019097501,13957,000014520,563
3021697506,6391,000006953,562
4049947504,19051,000019613,562
3021297504,14258,000014820,562
1021367501,50684,000051246,562
1002767501,5139,000005700,561
3034307501,4164,000004725,561
1002007501,32007,000032567,560
3056107501,3887,000004446,559
3019847503,3083,000003642,559
3009697503,24905,000025462,557
1003747501,4664,000005220,556
3003017502,3289,000003845,556
3055177502,6480,000007035,555
3003937501,7541,000008096,555
3054717504,6691,000007245,554
3071677504,9194,000009747,553
1008857501,26645,000027198,553
3003967503,4345,000004898,553
3022417518,6478,000007026,548
3024337501,4617,000005165,548
3056887501,4254,000004800,546
3027677501,4928,000005473,545
1003987502,11491,000012036,545
1005007507,14379,000014924,545
3054957502,4329,000004874,545
1019217502,3845,000004389,544
3011747501,8369,000008913,544
1004227502,19103,000019646,543
1016767504,35199,000035742,543
3003907506,3784,000004320,536
3018727501,4050,000004586,536
3074337501,16182,000016716,534
1005297506,6215,000006748,533
1016777501,8867,000009400,533
1018267502,18008,000018540,532
1013997501,6196,000006727,531
4020997501,38050,000038580,530
3009347510,4429,000004958,529
3009407501,3771,000004300,529
3067527501,3792,000004320,528
3022417525,6474,000007000,526
3058927501,15475,000016000,525
1019117501,3764,000004288,524
4044107503,53499,000054023,524
3053807501,5778,000006300,522
3011027502,8418,000008940,522
3009557505,3713,000004234,521
3067577501,10898,000011419,521
3011287503,5266,000005787,521
1005137501,11434,000011954,520
3068887501,10580,000011100,520
3069247504,4679,000005199,520
1008047501,7660,000008175,515
3003957501,4673,000005188,515
1004327502,25073,000025586,513
3057627501,12023,000012535,512
3047987502,11029,000011541,512
3001837501,10773,000011284,511
3056347504,4840,000005350,510
2047957502,24482,000024991,509
3056887502,8138,000008647,509
3068007501,7632,000008140,508
1014337501,245136,000245644,508
3048687501,69672,000070180,508
3074377502,3237,000003744,507
3010307505,5494,000006000,506
1012167501,30110,000030615,505
3022417527,6499,000007000,501
3012707501,8339,000008839,500
3056187502,6300,000006800,500
1007797502,14100,000014600,500
3031747501,6246,000006745,499
3010877503,3881,000004380,499
1017507502,3924,000004423,499
3019627502,4077,000004575,498
3003257501,4902,000005400,498
3054957506,4938,000005436,498
1004997504,16520,000017016,496
3012117501,5296,000005791,495
3068667501,17147,000017639,492
3054847501,4274,000004766,492
3009857501,3990,000004480,490
1005647502,18728,000019217,489
4018387502,5021,000005510,489
3061347501,11724,000012211,487
3002307501,3907,000004394,487
3003507504,6419,000006905,486
3055937501,5140,000005625,485
3055927508,7488,000007973,485
3023447501,33187,000033670,483
3058977502,11142,000011625,483
3009617503,3358,000003840,482
3055917509,6991,000007473,482
3057467503,4020,000004500,480
1016767501,5613,000006092,479
1001977502,127401,000127879,478
1016767502,5614,000006092,478
3061587501,9244,000009722,478
4005757501,7975,000008450,475
3056137502,2206,000002680,474
3009897503,5314,000005786,472
3009287502,5585,000006056,471
1009287501,5639,000006110,471
3055067502,6225,000006695,470
3055987513,6444,000006914,470
4040447501,69449,000069918,469
3056897502,4091,000004560,469
2036437502,74880,000075348,468
2036437501,97344,000097812,468
3022417522,8046,000008514,468
3066967501,2992,000003460,468
1019477502,6337,000006804,467
1009277502,18214,000018680,466
3019117501,4643,000005109,466
3003907502,3854,000004320,466
1004027501,7607,000008072,465
3021387504,2325,000002788,463
1019287504,7537,000008000,463
1016617501,19738,000020200,462
1019487501,6639,000007100,461
3003307502,5702,000006162,460
3062307501,4337,000004797,460
3074587501,3983,000004442,459
3004437501,8250,000008709,459
3012617501,2593,000003052,459
3003307501,4402,000004860,458
3070257501,5844,000006300,456
4005037501,5418,000005872,454
3001837502,2583,000003037,454
3057597503,4251,000004705,454
1017287502,2675,000003128,453
3056907503,30607,000031059,452
4015107502,5451,000005903,452
3011717502,34331,000034775,444
3012527501,8178,000008620,442
3029227501,6718,000007160,442
3056977501,7234,000007676,442
3055987512,6887,000007328,441
3033507501,3143,000003584,441
3009357501,5120,000005560,440
3003307505,4653,000005092,439
3057467501,68510,000068948,438
3004037504,10469,000010903,434
3019007507,6190,000006624,434
3056087501,25436,000025868,432
1018227501,16133,000016564,431
4115447501,71485,000071915,430
3061847502,3313,000003741,428
3022667512,6500,000006928,428
3011697502,7772,000008198,426
1010587503,5115,000005540,425
3056967501,4646,000005070,424
4017757502,5377,000005800,423
3022417505,7977,000008400,423
3074047502,22441,000022863,422
1008217503,110630,000111047,417
3047927504,5966,000006383,417
4156127501,69416,000069828,412
3056637506,9164,000009575,411
1015007501,9102,000009513,411
3056157504,6458,000006869,411
3054977508,2738,000003149,411
3033307501,9339,000009750,411
3011627501,4450,000004860,410
3088017501,11760,000012168,408
3055977502,3994,000004400,406
3022417524,6503,000006907,404
1017207503,7239,000007643,404
3011507502,3656,000004060,404
3009347501,6096,000006500,404
1017207501,40584,000040987,403
4092707501,19967,000020370,403
1017237502,5774,000006175,401
4155897502,2500,000002900,400
3055107506,6226,000006626,400
1001077501,17700,000018100,400
3064407501,7794,000008192,398
3019547502,4197,000004595,398
3008687501,8703,000009100,397
3054687504,5966,000006363,397
3008077502,16721,000017118,397
3059037501,9683,000010080,397
3020207502,3213,000003608,395
3018997506,7102,000007497,395
3054727502,10296,000010690,394
3018937501,11901,000012295,394
3022417521,6604,000006998,394
3026897501,5072,000005464,392
1012337503,4324,000004715,391
4012227501,19965,000020356,391
3022177503,3971,000004360,389
1019177502,4484,000004872,388
3056427504,24866,000025253,387
3019007501,10405,000010792,387
3056637503,4712,000005098,386
3088047507,2954,000003337,383
3003547501,4993,000005375,382
3088047504,10867,000011247,380
3011557503,8058,000008437,379
3002157502,5062,000005438,376
3017657501,3944,000004320,376
3009767501,4825,000005200,375
3019187503,5235,000005610,375
3055707501,10160,000010535,375
3021877502,6446,000006818,372
1019047501,3488,000003858,370
1016027502,30673,000031042,369
1006077501,5464,000005832,368
3011667501,5304,000005670,366
3024517501,31788,000032153,365
3074687504,5403,000005766,363
3074687503,5403,000005766,363
1017177501,2732,000003094,362
3073987502,6130,000006492,362
3008867501,14483,000014843,360
5034177502,5204,000005563,359
4005707505,7415,000007774,359
1014127503,72438,000072796,358
3031327502,9743,000010100,357
3057627502,12023,000012379,356
3024877501,5714,000006068,354
3011757501,3806,000004160,354
3010927503,4132,000004484,352
3055887502,6484,000006836,352
3055887503,6484,000006836,352
3009437503,4863,000005213,350
1019127501,7449,000007799,350
3010337502,4639,000004988,349
3022417506,8051,000008400,349
3009577501,3475,000003824,349
3011557502,10436,000010784,348
3022267503,4513,000004860,347
2038067501,16966,000017310,344
3009377503,6366,000006708,342
3056777502,9989,000010331,342
3009197502,7191,000007533,342
1011527501,133892,000134233,341
3012857501,27429,000027768,339
1006217501,14103,000014440,337
3023447504,10913,000011250,337
3001907501,5166,000005500,334
1016247501,9544,000009875,331
3064417501,8422,000008750,328
3069117501,21435,000021763,328
3022247505,42534,000042861,327
3010127502,3498,000003824,326
3020047503,13736,000014061,325
3055917510,7076,000007401,325
1019037504,6519,000006840,321
3067477502,8384,000008705,321
3066017502,6277,000006596,319
1001467502,26327,000026644,317
3010677502,4644,000004960,316
4050397503,17747,000018062,315
4017747501,12573,000012888,315
3011287504,7330,000007645,315
5024507513,102563,000102875,312
1005277502,2941,000003253,312
4051027501,10938,000011250,312
3014867501,6489,000006800,311
3064597503,8620,000008926,306
1008757501,5192,000005498,306
1015647503,4867,000005173,306
3087267502,10724,11030,306
3084937503,2916,000003222,306
1007697501,2455,000002760,305
1007697502,2455,000002760,305
3022647505,4777,000005080,303
3019127502,5250,000005553,303
3024557501,4650,000004952,302
3019307502,7090,000007392,302
3022327504,6905,000007206,301
3006367501,9947,000010247,300
3047937501,3300,000003600,300
3031327501,9702,000010000,298
3009327505,4224,000004522,298
3056297504,5404,000005700,296
4033727501,9737,000010030,293
4050417502,3580,000003870,290
3001797502,4165,000004455,290
3022417504,8250,000008540,290
3008987501,8111,000008400,289
3010247502,5711,000006000,289
1011437501,3886,000004172,286
1013467502,6145,000006428,283
4049567501,25820,000026100,280
3022077501,2800,000003080,280
3055837502,7261,000007540,279
3053507501,24806,000025084,278
1009097501,5892,000006170,278
4015487501,12398,000012674,276
3008957502,41703,000041976,273
3068637503,9130,000009403,273
3087927501,11232,000011504,272
1004427501,4908,000005180,272
3056707505,15791,000016061,270
4019857502,4743,000005013,270
3023927503,5066,000005333,267
3028577501,17534,000017800,266
3088107502,21720,000021985,265
4008317501,9718,000009983,265
3061687503,6257,000006522,265
3011457501,4080,000004344,264
3055037503,8641,000008904,263
5012007501,3358,000003620,262
3022637501,4896,000005157,261
3053827506,5340,000005600,260
1001877502,21929,000022189,260
1004497501,2408,000002665,257
3066787503,13612,000013869,257
3022647509,16382,000016637,255
3067587501,6225,000006480,255
3019457501,6274,000006528,254
3030437504,7108,000007360,252
1004267501,8279,000008531,252
3004287501,3731,000003983,252
3010117501,4415,000004665,250
3066037503,33847,000034097,250
3027497503,23253,000023503,250
3054487502,8150,000008400,250
3001897502,4527,000004775,248
3068687501,4608,000004853,245
3004357504,10077,000010318,241
3009347508,4174,000004414,240
3016257502,3874,000004114,240
3001947501,3284,000003524,240
3064257502,12642,000012882,240
4101317501,3940,000004180,240
3022907501,29760,000030000,240
1002247501,8371,000008609,238
1008817501,30424,000030662,238
3019707501,7585,000007820,235
1006327503,41875,000042110,235
3011447502,3426,000003661,235
3022187503,3955,000004190,235
3056287512,5929,000006163,234
4039167508,52612,000052846,234
3022317502,6721,000006954,233
3018367501,3867,000004099,232
3010987508,2994,000003225,231
1007457504,6233,000006464,231
3009927501,55536,000055767,231
1012247502,3478,000003708,230
3087807501,8245,000008474,229
1007177502,6400,000006625,225
3057107503,4418,000004641,223
3056617503,7777,000008000,223
1019417501,9519,000009741,222
3004367502,7688,000007909,221
3053827505,5119,000005340,221
1000417504,1026033,001026252,219
3056427502,4803,000005021,218
3009597504,4569,000004785,216
3014917501,5820,000006036,216
3004617501,45128,000045343,215
3018387501,3293,000003507,214
3057537501,6978,000007192,214
4162377501,2907,000003120,213
3009477503,5204,000005414,210
4018537502,4855,000005065,210
3011807502,13500,000013709,209
1012247503,3635,000003844,209
1020797502,4637,000004845,208
3056117501,4695,000004903,208
3023217502,5961,000006169,208
3018997508,5506,000005712,206
3058507501,3800,000004006,206
3018307501,5194,000005399,205
4013107503,17797,000018000,203
3056987501,10740,000010941,201
3087887501,9392,000009592,200
3056937501,6946,000007146,200
3056837504,5657,000005857,200
4018367501,22487,000022686,199
1006297504,33668,000033866,198
3019187502,5647,000005845,198
3003017501,6008,000006205,197
3017357501,43155,000043350,195
3054787502,7475,000007670,195
4050517502,22195,000022390,195
3056417501,4291,000004484,193
3011787502,26271,000026461,190
1004827501,74349,000074539,190
3027857501,7102,000007291,189
1011587502,498079,000498268,189
1004367501,3840,000004028,188
4015187503,8613,000008800,187
1002157505,64285,000064471,186
3004287503,8934,000009119,185
3088127503,2818,000003003,185
1018287504,10250,000010434,184
3016847501,3058,000003241,183
3034207501,5830,000006012,182
1004717501,8742,000008922,180
3057137502,3937,000004116,179
3069197509,7312,000007490,178
1020507501,2712,000002890,178
1005027502,16830,000017007,177
1005527502,8094,000008270,176
3009597501,4530,000004706,176
3019517501,3868,000004043,175
3020997503,5586,000005760,174
1014277501,21928,000022100,172
3009517502,5729,000005900,171
4006587501,5735,000005906,171
1013907504,28798,000028968,170
3008957504,3910,000004080,170
3087777501,4022,000004192,170
3086627501,3331,000003500,169
3019007512,11832,000012000,168
3009837505,6853,000007020,167
1008487504,14144,000014311,167
3065327501,28273,000028439,166
3019867501,36685,000036851,166
3003327502,4373,000004538,165
3013407501,4836,000005000,164
3059607501,9246,000009409,163
3016447501,4435,000004597,162
2057707501,5818,000005980,162
3019007511,8825,000008987,162
3058997501,8815,000008976,161
1016767503,5931,000006092,161
3009597502,4470,000004630,160
3022267505,3703,000003863,160
5016687502,115373,000115532,159
3010127501,3292,000003450,158
4051257501,38129,000038286,157
3002687501,5514,000005670,156
4028917501,7818,000007974,156
3017947502,2965,000003120,155
3057107504,4486,000004641,155
3061207502,115672,000115827,155
4161247501,3687,000003842,155
1002097501,25845,000026000,155
3008867503,5714,000005868,154
5036217501,4495,000004646,151
3056367502,6256,000006406,150
3056187506,18382,000018532,150
3009887501,4182,000004331,149
3069167505,7004,000007152,148
4014897501,61082,000061229,147
3027737502,5705,000005850,145
3053077501,2976,000003120,144
3072177501,3843,000003986,143
3009607503,7383,000007524,141
3003567502,6260,000006400,140
1000687502,126291,000126430,139
3010477502,8988,000009127,139
4019827501,21911,000022050,139
1001947504,11363,000011500,137
3009337503,5188,000005325,137
4049947502,12039,000012175,136
5031517501,5714,000005850,136
3055937510,8940,000009075,135
1017247502,3617,000003752,135
3009447506,5304,000005438,134
3055977504,6584,6716,132
3024137501,5033,000005162,129
3010577501,4154,000004283,129
3009757504,3421,000003549,128
1004917502,60725,000060852,127
3024087504,18438,000018564,126
3009387502,4398,000004522,124
3055917502,9401,000009525,124
3056397501,5559,000005681,122
1011587504,648458,000648579,121
4019817502,4508,000004628,120
3054547501,9880,000010000,120
3050837501,19040,000019160,120
1006957509,31250,000031370,120
3054407501,5214,000005334,120
3056107502,6270,000006389,119
3003907505,4202,000004320,118
3031327503,9702,000009819,117
3011047506,4892,000005006,114
4032577501,143254,000143367,113
1007637501,8413,000008524,111
1011797503,642284,000642394,110
3011517503,5794,000005900,106
3011737504,4513,000004619,106
3022327503,5731,000005835,104
3003527502,15704,000015808,104
3010587504,3727,000003828,101
3004477502,2236,000002337,101
3068987502,4086,000004187,101
3022357504,20681,000020781,100
1009057502,19580,000019680,100
5037607501,5296,000005396,100
5052127501,9462,000009562,100
5033987501,4938,000005038,100
3020607501,245678,000245778,100
3022407514,17785,000017885,100
3019547501,8680,000008780,100
3074687502,9915,000010015,100
3063117501,8040,000008139,99
3009567501,3142,000003240,98
3021477504,3842,000003939,97
3012997502,3514,000003610,96
3062027501,7281,000007376,95
3084937502,2916,000003010,94
3012027501,3629,000003721,92
4036677501,22309,000022400,91
1010967501,235875,000235966,91
3000557502,37725,000037815,90
1009277501,20335,000020425,90
3018927501,4562,000004651,89
1004187501,9536,000009624,88
3054787503,4129,000004216,87
3057467502,4114,000004200,86
3009657501,4655,000004740,85
4050377504,10152,000010235,83
5012347501,14622,000014704,82
1005287503,6850,000006932,82
3021947501,5598,000005678,80
3009617502,43348,000043428,80
4034947501,11447,000011526,79
3003317502,3683,000003759,76
3027627501,10051,000010126,75
3009637502,8128,000008203,75
1001807506,11428,000011500,72
1013757502,475893,000475963,70
3019627501,3930,000004000,70
1019407501,7395,000007465,70
3054367503,5090,000005160,70
3009287505,5491,000005560,69
3073987503,11254,000011320,66
3021787501,6964,000007028,64
3074447501,8672,000008736,64
3053677501,29537,000029600,63
1000657502,149160,000149223,63
5062267501,6104,000006165,61
3015407502,3689,000003750,61
1019077508,5467,000005527,60
1011587505,477300,000477360,60
3024697501,16638,000016698,60
1008797501,96420,000096480,60
3010737501,4252,000004310,58
2057927501,18038,000018096,58
1010537501,3484,000003541,57
1018307502,50072,000050128,56
4051867506,7202,000007258,56
3066797501,8105,000008160,55
4018537503,12245,000012299,54
1002797501,3240,000003294,54
3017627501,4362,000004414,52
3088127501,23768,000023820,52
3022677502,20949,000021000,51
3056217502,3699,000003750,51
3086647503,6307,000006358,51
3065627501,16103,000016153,50
3056127502,4891,000004941,50
3003917503,5550,000005600,50
3027837501,5963,000006013,50
3021697507,3978,000004028,50
3055507501,16465,000016515,50
3012547501,8175,000008225,50
3023577502,5617,000005667,50
3017827501,30193,000030243,50
1010707502,8923,000008973,50
3024377501,5957,000006007,50
3017947501,3961,000004010,49
1006307502,14323,000014372,49
3055987504,6351,000006400,49
3059037502,10751,000010800,49
3003667502,12053,000012100,47
3010987510,61453,000061500,47
3057677501,8453,000008500,47
3071797501,10776,000010821,45
3056897504,6345,000006390,45
3022417523,7095,000007140,45
1015457501,3993,000004036,43
3011287501,268975,000269018,43
4052967501,7875,000007916,41
4039167506,70360,000070400,40
4000317501,67321,000067361,40
3067467501,12372,000012412,40
3019607502,13063,000013103,40
3026977501,13304,000013343,39
4098287501,76848,000076885,37
4014857501,77123,000077160,37
3010837501,4766,000004803,37
3056407501,4250,000004287,37
4000417501,28265,000028300,35
3002867501,13900,000013934,34
3003857501,3676,000003710,34
1004747501,3695,000003728,33
4068157501,54199,000054232,33
4050557501,11935,000011966,31
1001447502,34495,000034526,31
3022517502,26828,000026858,30
1002387501,92529,000092559,30
3031757501,7412,000007442,30
4155897501,2530,000002560,30
3069107502,4377,000004406,29
3027587502,8426,000008455,29
1001377501,16481,000016508,27
1014127502,197415,000197442,27
4018537501,4935,000004962,27
5037647501,3847,000003873,26
3056417505,10324,000010349,25
3019657503,4350,000004375,25
3056157505,10917,000010942,25
3056107503,4966,000004991,25
3054367505,10199,000010224,25
3053657501,3692,000003717,25
3054477505,8566,000008591,25
3054087503,12472,000012497,25
4017847501,15455,000015480,25
3054307505,4942,000004967,25
3023927501,4918,000004943,25
3054437502,5922,000005947,25
3054537502,10452,000010477,25
3024217502,10337,000010362,25
4045747501,43885,000043910,25
3030497502,6669,000006694,25
3054317501,6482,000006507,25
3057027502,6884,000006909,25
3056237510,10500,000010525,25
3056767501,3774,000003799,25
3023807501,10743,000010768,25
3003457501,26271,000026295,24
3023297501,6859,000006883,24
3058697501,5076,000005100,24
5028557501,6914,000006937,23
3011287502,4581,000004603,22
3053117501,2498,000002520,22
3026857501,6168,000006190,22
1008217502,11623,000011645,22
4067977502,113409,000113430,21
3056097507,6409,000006429,20
3056907504,5283,000005303,20
3053807505,4323,000004343,20
3019117502,3764,000003784,20
3019967501,4601,000004621,20
3054477506,10023,000010043,20
3027457501,3830,000003850,20
3056107504,6015,000006035,20
3021737506,7708,000007728,20
3055977506,6543,000006563,20
3008697502,4244,000004264,20
3053627503,4688,000004708,20
3054367504,5963,000005983,20
1014297501,12932,000012952,20
4034087502,4770,000004790,20
4023137501,157430,000157450,20
3022927502,4412,000004432,20
3055967501,6534,000006554,20
3053447502,5400,000005420,20
3019137514,30033,000030053,20
3054087504,12813,000012833,20
3053447501,5400,000005420,20
3056707506,11922,000011942,20
3056097508,5996,000006016,20
3054317502,5651,000005671,20
3056347507,10147,000010167,20
2054017501,50916,000050934,18
3073997501,6558,000006576,18
1004997503,11200,000011217,17
3065577502,46867,000046884,17
4032387503,29401,000029417,16
1005527503,18400,000018416,16
3054957505,4861,000004876,15
1006947501,88671,000088686,15
3056247506,9815,000009830,15
3056897503,6345,000006360,15
3023787502,6013,000006028,15
3054957504,5167,000005182,15
3056407502,7035,000007050,15
3056097509,9180,000009195,15
3022487502,8209,000008224,15
3003357501,25007,000025021,14
3010217501,2660,000002674,14
3068197503,8122,000008136,14
3027547503,8479,000008493,14
3070227501,25084,000025098,14
3025337501,7051,000007063,12
3055847501,10544,000010556,12
1020437501,7488,000007500,12
3056907505,4994,000005006,12
4050197501,32808,000032819,11
1012137504,55037,000055048,11
4051937501,20967,000020978,11
3053827501,7429,000007440,11
1002977503,31396,000031406,10
3054607501,4167,000004177,10
3067477501,11014,000011024,10
3017707501,4629,000004639,10
3056347508,5430,000005440,10
3056837505,7083,000007093,10
3056477503,5088,000005098,10
3009987504,6526,000006536,10
3064147501,52264,000052274,10
3056647505,4726,000004736,10
1001407505,92408,000092418,10
3030447504,8519,000008529,10
3068497501,15610,000015620,10
1000177502,33185,000033195,10
3034307502,5586,000005596,10
3018177502,4913,000004923,10
4017777501,15053,000015062,9
3018997501,17949,000017958,9
4005677501,7360,000007369,9
2026777501,155581,000155590,9
3027697501,15984,000015993,9
3001697501,90234,000090243,9
5024507510,128389,000128398,9
3060727501,6518,000006527,9
1007207503,4591,000004600,9
2026377501,64468,000064476,8
3017347502,4861,000004869,8
1011417503,3284,000003292,8
3022257503,8000,000008008,8
4012227502,5194,000005202,8
4049817504,25840,000025848,8
4012147501,21432,000021440,8
3022307501,18495,000018502,7
4018687504,3872,000003879,7
4018687503,3872,000003879,7
1008517503,17091,000017098,7
3086737501,28421,000028427,6
3010927502,5727,000005733,6
4028827502,13733,000013739,6
1007977505,30958,000030964,6
4050277501,19230,000019235,5
4017747505,6171,000006176,5
3056967502,4285,000004290,5
4039247501,18032,000018037,5
3021737502,10495,000010500,5
1019887501,19776,000019781,5
3003967502,5244,000005249,5
3024447501,107986,000107991,5
1007697506,50790,000050795,5
3023967501,16207,000016212,5
1008437502,8698,000008703,5
4008357501,9903,000009907,4
3003197501,13791,000013795,4
5021457501,4329,000004333,4
4005187501,8597,000008601,4
3057837501,4929,000004933,4
4067997501,10273,000010277,4
1004757502,18190,000018193,3
1006957507,38807,000038810,3
3009987502,12512,000012515,3
3021757502,12077,000012080,3
1014587502,328349,000328352,3
3023507502,125151,000125154,3
1001747503,21246,000021249,3
1018277501,3517,000003520,3
2026667501,25828,000025831,3
4014967501,3876,000003879,3
4014967502,3876,000003879,3
3026887501,6149,000006152,3
3022647521,38714,000038717,3
3063427501,6644,000006647,3
3083747502,35488,000035490,2
3063707502,3675,000003677,2
3009697502,5862,000005864,2
1005147502,23168,000023170,2
5008127502,3885,000003887,2
3017837501,2615,000002617,2
4020057501,3934,000003936,2
1015647501,5941,000005943,2
3020747501,6892,000006894,2
3022387503,5323,000005325,2
4099377501,32315,000032317,2
3018097501,16052,000016054,2
1002977502,26564,000026566,2
3022647515,32289,000032291,2
3021317501,6875,000006877,2
3022107503,5550,000005552,2
4017827501,7812,000007813,1
3010487503,6966,000006967,1
3002637501,4772,000004773,1
3022647504,43956,000043957,1
1013057501,437661,000437662,1
3054977507,5611,000005612,1
3088247502,11062,000011063,1
3001957501,2669,000002670,1
3021887501,6313,000006314,1
3010037501,6090,000006091,1
1002157503,16138,000016139,1
4020057502,3934,000003935,1
4013077502,13175,000013176,1
3056627501,29460,000029461,1
4053747501,22484,000022485,1
3009387501,4442,000004443,1
1004377501,6499,000006500,1
4014677501,34900,000034901,1
1014047502,9981,000009982,1
1005307506,13640,000013641,1
3056007501,11249,000011250,1
1006377507,32308,000032309,1
1004807501,11728,000011729,1
3083747505,249590,000249591,1
3010637501,9914,000009915,1
4036867501,4179,000004180,1
3022357503,6333,000006334,1
3022187502,3724,000003725,1
1012347503,680222,000680223,1
3021367501,18240,000018241,1
3053977501,5940,000005941,1
3031517501,27389,000027390,1
4162387501,7240,000007241,1
3056187504,4703,000004704,1
4162367501,6750,000006751,1
3024467502,10876,000010877,1
1004377502,9773,000009774,1
1000297502,35559,000035560,1
3074657502,7881,000007882,1
1019457501,9750,000009751,1
3086627502,5533,000005534,1
3030977501,8834,000008835,1
3022007502,2866,000002867,1
3048147502,2900,000002901,1
4091537501,12870,000012870,0
3060717504,6318,000006318,0
3009457501,43244,000043244,0
3063337502,15077,000015077,0
3009637501,4237,000004237,0
4049557513,9726,000009726,0
3010727502,6125,000006125,0
3010937502,8619,000008619,0
3074137501,8486,000008486,0
4018807501,7659,000007659,0
4018637502,4722,000004722,0
3015217501,11056,000011056,0
3087237502,33137,000033137,0
3070297502,5346,000005346,0
3088107504,8375,000008375,0
3074557503,6986,000006986,0
3067947501,11334,000011334,0
3064467502,7640,000007640,0
3060557501,12568,000012568,0
3066027501,5920,000005920,0
3057107502,5484,000005484,0
3057047502,6353,000006353,0
3062897502,16960,000016960,0
3056577501,9489,000009489,0
3056247502,4827,000004827,0
3052907502,5208,000005208,0
4097577501,99311,000099311,0
3036027501,83633,000083633,0
3056967505,5278,000005278,0
5014897502,58941,000058941,0
3021477505,45801,000045801,0
5024507516,77643,000077643,0
3030437502,5271,000005271,0
3056717502,3978,000003978,0
3027787501,5772,000005772,0
3027677502,13427,000013427,0
1002747502,74881,000074881,0
1008177502,250671,000250671,0
3027037501,23450,000023450,0
1006067501,6036,000006036,0
3022927504,4460,000004460,0
3022107505,15741,000015741,0
3022417503,7756,000007756,0
3022317503,4045,000004045,0
3021697503,6806,000006806,0
5060177504,66252,000066252,0
3021697502,5609,000005609,0
3020187502,5430,000005430,0
3018027501,3493,000003493,0
5035637501,4518,000004518,0
5050167501,19060,000019060,0
3086617501,14789,000014789,0
3016547501,6212,000006212,0
3055177503,7242,000007242,0
3015357502,6000,000006000,0
3055107504,6146,000006146,0
1019077504,2790,000002790,0
3023107501,4000,000004000,0
3013777501,4778,000004778,0
3011647501,7571,000007571,0
4068087501,55856,000055856,0
3010857503,3972,000003972,0
3010587505,6076,000006076,0
3054967502,2030,000002030,0
3009767502,3519,000003519,0
3054717501,9012,000009012,0
3009757503,4256,000004256,0
4030487502,14544,000014544,0
3008927501,13374,000013374,0
3027637501,3026,000003026,0
3003237502,6252,000006252,0
3003007501,85327,000085327,0
3002637502,4803,000004803,0
3086617502,30904,000030904,0
1004747503,31000,000031000,0
3002547501,9550,000009550,0
2057597501,93602,000093602,0
1013957501,206883,000206883,0
2055197501,46200,000046200,0
2054227501,20158,000020158,0
3040917501,142221,000142221,0
3074707501,13264,000013264,0
1000907502,24953,000024953,0
3044487501,54854,000054854,0
3088107505,11844,000011844,0
1004757508,21395,000021395,0
1002937501,11583,000011583,0
1007917502,70200,000070200,0
1019287502,6486,000006486,0
2029337501,7034,000007034,0
3031557501,37183,000037183,0
3082357501,130660,000130660,0
3030447503,7821,000007821,0
1012457501,31220,000031220,0
1001377504,8355,000008355,0
1015247502,104951,000104951,0
3030237501,25336,000025336,0
1001337507,15318,000015318,0
1019487502,83219,000083219,0
1018717501,171664,000171664,0
1018707503,32868,000032868,0
1012227501,149787,000149787,0
1017567501,9400,000009400,0
3055917504,9400,000009400,0
5009427501,16740,000016740,0
1014027501,144425,000144425,0
1000657501,32342,000032342,0
3021367504,7184,000007184,0
3054377502,6080,000006080,0
1013197503,106438,000106438,0
3023597501,47104,000047104,0
1002767502,9571,000009571,0
3009837503,5027,000005027,0
1012037502,29224,000029224,0
3022927505,3982,000003982,0
3055117503,3755,000003755,0
4018357501,5580,000005580,0
3022407503,4755,000004755,0
3055927513,5981,000005981,0
1020417503,20844,000020844,0
3055987506,8646,000008646,0
3022417511,6326,000006326,0
3056067502,3750,000003750,0
3018277501,3528,000003528,0
3054427503,4880,000004880,0
1010197501,233285,000233285,0
3022237501,4537,000004537,0
3010057501,32767,000032767,0
3056487506,8692,000008692,0
1006467502,103878,000103878,0
3056737501,4015,000004015,0
1007207504,5421,000005421,0
4030977506,23172,000023172,0
3086907501,104387,000104387,0
3017557501,58244,000058244,0
3022427501,4185,000004185,0
3057057504,6107,000006107,0
3088017503,15028,000015028,0
3057517502,5880,000005880,0
2026907501,77364,000077364,0
1006247504,79065,000079065,0
1006187503,11560,000011560,0
3021317503,9628,000009628,0
1022267501,25752,000025752,0
3056477502,4591,000004591,0
3009517501,9102,000009102,0
1005607501,199654,000199654,0
3010097501,2490,000002490,0
1005187504,6740,000006740,0
3020727502,6705,000006705,0
3021827502,4502,000004502,0
3023247501,111363,000111363,0
3020007501,32500,000032500,0
3056557502,11199,000011199,0
3019847501,11725,000011725,0
1004967502,11488,000011488,0
2043287501,39840,000039840,0
1003497502,5056,000005056,0
3063737501,4465,000004465,0
1000087501,169061,000169061,0
3019137513,8773,000008773,0
3023347501,38511,000038511,0
4000827501,379502,000379502,0
1006127503,18685,000018685,0
1005527505,7410,000007410,0
5029987501,20244,000020244,0
1002307505,15360,000015360,0
4071157501,5937,000005937,0
2026307501,41940,000041940,0
1017537502,15023,000015023,0
3010557501,5816,000005816,0
1001937502,11363,000011363,0
3010357501,5096,000005096,0
1010277503,614307,000614307,0
1001897501,63996,000063996,0
5041937501,3900,000003900,0
3022107502,5679,000005679,0
3021877503,5078,000005078,0
3010057502,76252,000076252,0
3009757502,5240,000005240,0
3064287501,9902,000009902,0
3009747503,30802,000030802,0
1000797501,13774,000013774,0
1001367505,71407,000071407,0
1001807503,10589,000010589,0
2057897502,10891,000010891,0
1001137501,822318,000822318,0
1014717501,26281,000026281,0
1014457501,306464,000306464,0
1002187502,14923,000014923,0
1014147503,40068,000040068,0
1002307502,10798,000010798,0
3009447501,4168,000004168,0
1003067501,13988,000013988,0
3009227501,6635,000006635,0
1013977504,115462,000115462,0
3007287501,5677,000005677,0
1003907502,73359,000073359,0
3008737501,8013,000008013,0
1004967501,3285,000003285,0
1004757503,38524,000038524,0
3053907501,19001,000019001,0
3026567501,7736,000007736,0
1005627502,20132,000020132,0
3030227501,5364,000005364,0
1006167501,219011,000219011,0
4006517501,6194,000006194,0
1001417507,16734,000016734,0
4019357501,5844,000005844,0
3003647502,4062,000004062,0
3027567501,4344,000004344,0
3010367501,3618,000003618,0
3003047502,41737,000041737,0
3002607501,4419,000004419,0
4006607503,9932,000009932,0
3001087501,75410,000075410,0
1008627502,46931,000046931,0
3086687502,8480,000008480,0
3010367504,6965,000006965,0
1008597503,30999,000030999,0
1008657502,97000,000097000,0
4017747503,6116,000006116,0
1008847502,3442,000003442,0
4017757503,5900,000005900,0
4019917501,28145,000028145,0
4035267501,4410,000004410,0
2032587501,4858,000004858,0
3004707501,3146,000003146,0
2024017501,15274,000015274,0
2023827501,106601,000106601,0
3030437505,7826,000007826,0
3010367502,7156,000007156,0
1020457502,186614,000186614,0
4001397501,44825,000044825,0
1020347501,145708,000145708,0
4098097501,36105,000036105,0
3055117502,3755,000003755,0
1013437501,93015,000093015,0
3018877501,7153,000007153,0
1019077507,5207,000005207,0
1013987502,98903,000098903,0
1014257501,96564,000096564,0
1018747501,242330,000242330,0
1018337506,232452,000232452,0
1015077502,46260,000046260,0
1015237501,3983,000003983,0
3008767506,3924,000003924,0
1014487501,128381,000128381,0
1001347502,13060,000013060,0
3056497502,5686,000005686,0
4019727501,4768,000004768,0
3066037502,9659,000009659,0
1019067501,4056,000004056,0
1019077506,4876,000004876,0
1019407504,9144,000009144,0
1001817505,9343,000009343,0
4050427503,21555,000021555,0
1007767502,10014,000010014,0
1004477501,15666,000015666,0
1012327501,150806,000150806,0
3054917506,4752,000004752,0
3055927510,6860,000006860,0
1005377503,9500,000009500,0
1011797502,554579,000554579,0
5060177501,167350,000167350,0
1008217501,95316,000095316,0
3072917501,5696,000005696,0
3003127501,5076,000005076,0
3003317501,52529,000052529,0
1006327501,3955,000003955,0
3086687504,20896,000020896,0
3006437503,14656,000014656,0
1011587501,482878,000482878,0
3021657503,67712,000067712,0
3053967506,9662,000009662,0
3009207501,6000,000006000,0
3010737502,4252,000004252,0
3011027504,9070,000009070,0
1004077501,12961,000012961,0
3056157501,4704,000004704,0
3011247501,14269,000014269,0
3011307504,5558,000005558,0
3011497501,40466,000040466,0
3009357503,3040,000003040,0
1001477509,74927,000074927,0
3009007501,12950,000012950,0
4018427502,105325,000105325,0
3015797501,35216,000035216,0
1006967503,56599,000056599,0
3017817501,23344,000023344,0
4006577501,9314,000009314,0
3003247501,7576,000007576,0
3019677502,3651,000003651,0
5036307501,4718,000004718,0
3072997501,24668,000024668,0
5037617501,3795,000003795,0
3020747502,12028,000012028,0
1007737502,65664,000065664,0
3021357507,33511,000033511,0
3017347514,7436,000007436,0
5031737504,146199,000146199,0
3021887502,6596,000006596,0
3022407504,5022,000005022,0
3067607502,9079,000009079,0
1005197501,6125,000006125,0
3022647508,16637,000016637,0
4053757502,32853,000032853,0
3025417504,8008,000008008,0
4019427501,3332,000003332,0
4018387503,7904,000007904,0
4006337501,15420,000015420,0
3052757501,4986,000004986,0
4005527501,35000,000035000,0
5024107501,81489,000081489,0
3054477502,10677,000010677,0
3055107505,7281,000007281,0
1003947503,11495,000011495,0
3003577501,14649,000014649,0
4019397501,13304,000013304,0
4018667503,3777,000003777,0
3030447501,8407,000008407,0
4017737502,5303,000005303,0
4049617501,10937,000010937,0
4013447501,3408,000003408,0
4050297501,4672,000004672,0
4073147501,11600,000011600,0
4005737501,18292,000018292,0
3022487501,17695,000017695,0
3022377506,6235,000006235,0
5015257503,87253,000087253,0
3087177501,66071,000066071,0
5024507504,133956,000133956,0
3068907502,4242,000004242,0
5062267502,6165,000006165,0
3056187505,4704,000004704,0
3061687502,9375,000009375,0
3061607501,6576,000006576,0
3022217501,5684,000005684,0
1002207503,61717,000061717,0
1010747501,130400,000130400,0
1015127501,18142,000018142,0
3086687501,8480,000008480,0
3057697503,10992,000010992,0
1019027505,4996,000004996,0
3054657501,9571,000009571,0
3053977502,5869,000005869,0
3046607501,42276,000042276,0
3019147502,17065,000017065,0
3011527504,19390,000019390,0
3032807501,77961,000077961,0
3082177501,24059,000024059,0
1008887502,208233,000208233,0
3053827502,5094,000005094,0
3022417502,8034,000008034,0
3027907501,4385,000004385,0
3026447502,5132,000005132,0
3018977507,5407,000005407,0
3056077501,4020,000004020,0
3024557502,5217,000005217,0
3017347515,12164,000012164,0
3022417517,6494,000006494,0
3022367502,4469,000004469,0
4049747501,5872,000005872,0
3022137501,3500,000003500,0
3017347507,13587,000013587,0
1001457504,36546,000036546,0
3021537502,5771,000005771,0
3056837502,5694,000005694,0
3021477507,5760,000005760,0
3021037501,4028,000004028,0
3021017502,2716,000002716,0
3020017501,906158,000906158,0
3017887502,11395,000011395,0
1004667502,67227,000067227,0
3011727502,170573,000170573,0
3017347512,12338,000012338,0
1013087502,1526121,001526121,0
3016607501,2877,000002877,0
3014297501,26287,000026287,0
3013327501,8026,000008026,0
3012067503,3967,000003967,0
3011787501,13736,000013736,0
3010587503,13666,000013666,0
2029767501,174820,000174820,0
3010497501,26839,000026839,0
1019507501,81213,000081213,0
3010297502,4978,000004978,0
3009417502,3600,000003600,0
1018527502,149359,000149359,0
3007837501,7943,000007943,0
2041687501,11550,000011550,0
4015077502,22526,000022526,0
3005887501,3018,000003018,0
1003947501,7430,000007430,0
3056677501,17564,000017564,0
3003337501,20760,000020760,0
3056777504,7770,000007770,0
3009377502,3022,000003022,0
3009157502,5750,000005750,0
3060677501,6336,000006336,0
3061717501,8035,000008035,0
3019527504,5950,000005950,0
2028077501,2720,000002720,0
1003997501,23614,000023614,0
3063807502,6673,000006673,0
1018237502,21279,000021279,0
2026937501,18840,000018840,0
3064257501,15224,000015224,0
3065527501,11427,000011427,0
3066037501,10138,000010138,0
1013617501,15256,000015256,0
3071677502,21052,000021052,0
3024077501,12293,000012293,0
3018977503,4663,000004663,0
3002627502,4065,000004065,0
3002347501,6152,000006152,0
3026987501,34232,000034232,0
4004137501,158821,000158821,0
3002257501,3120,000003120,0
2054177502,72871,000072871,0
4032927501,88202,000088202,0
3058537501,7522,000007522,0
1008017501,80850,000080850,0
1007677504,53649,000053649,0
3044527503,75216,000075216,0
5023807501,100856,000100856,0
3019587502,3908,000003908,0
1000787504,40856,000040856,0
3022057503,5062,000005062,0
1005307501,16749,000016749,0
2024077501,97853,000097853,0
3064497501,8236,000008236,0
1006137501,8743,000008743,0
4156327501,44064,000044064,0
2023347501,267463,000267463,0
3021857502,5999,000005999,0
2022957501,476038,000476038,0
1001937510,20631,000020631,0
5001497501,5944,000005944,0
3056477501,6015,000006015,0
1019067502,2713,000002713,0
1017297503,16077,000016077,0
1004217501,7863,000007863,0
2055297501,12624,000012624,0
1005717501,79238,000079238,0
1005607502,202428,000202428,0
1014737503,25810,000025810,0
1005537502,33846,000033846,0
5007087501,23462,000023462,0
1005567502,111588,000111588,0
4013437501,5586,000005586,0
1005737502,104556,000104556,0
3003107501,4875,000004875,0
1004747502,13652,000013652,0
1006097501,5620,000005620,0
3023947502,5736,000005736,0
3022117502,4932,000004932,0
1012937501,532225,000532225,0
3009007502,12930,000012930,0
3011517502,6286,000006286,0
5019937501,64396,000064396,0
3002757504,3915,000003915,0
1007687504,18644,000018644,0
1001447501,14900,000014900,0
1007987504,14506,000014506,0
5053247501,8000,000008000,0
1008167502,15551,000015551,0
5055907501,53464,000053464,0
1008207502,17058,000017058,0
3028277501,3662,000003662,0
1008607502,10246,000010246,0
3086787501,16777,000016777,0
2040077501,138883,000138883,0
3004707502,14174,000014174,0
1010017501,172075,000172075,0
1007917501,5618,000005618,0
3010987502,4653,000004653,0
1003937501,38020,000038020,0
1011467503,7358,000007358,0
3012267502,8229,000008229,0
1012267501,5761,000005761,0
3019187501,8460,000008460,0
1006097503,83169,000083169,0
1013797501,12490,000012490,0
1013417504,9811,000009811,0
3019647502,3770,000003770,0
1001937505,7423,000007423,0
1004727501,138120,000138120,0
3003387502,5853,000005853,0
4051827501,49813,000049813,0
3008797501,7537,000007537,0
1005417501,141811,000141811,0
1015627501,198774,000198774,0
1017857502,45694,000045694,0
3022127501,5539,000005539,0
1019077503,3604,000003604,0
3022007503,8706,000008706,0
3087817501,7045,000007045,0
3010897501,10911,000010911,0
2024197501,171232,000171232,0
2026977501,126353,000126353,0
4034567501,16658,000016658,0
3001797505,30102,000030102,0
4005677502,9928,000009928,0
1005777503,12930,000012930,0
3074407502,2957,000002957,0
1003947504,4762,000004762,0
3010367503,7247,000007247,0
1001347506,12613,000012613,0
2054677502,13620,000013620,0
1017297501,33632,000033632,0
1004467502,75782,000075782,0
1002747503,16996,000016996,0
3002357501,5348,000005348,0
3009387503,20780,000020780,0
3002997501,36093,000036093,0
1005727502,12695,000012695,0
5032567501,4035,000004035,0
3003387501,8694,000008694,0
3018837507,7045,000007045,0
3069727501,2531,000002531,0
3055017501,3835,000003835,0
1004667501,41323,000041323,0
3009417501,46711,000046711,0
3009427501,27213,000027213,0
3009467503,3992,000003992,0
3009557504,5880,000005880,0
3063707501,3696,000003696,0
3004037507,10690,000010690,0
1004127501,199408,000199408,0
1010717503,94132,000094132,0
1007687503,14339,000014339,0
1001937504,20269,000020269,0
3012067501,30455,000030455,0
3003207501,73228,000073228,0
3016037502,7403,000007403,0
3000287501,35978,000035978,0
1020537502,7490,000007490,0
1006127504,105590,000105590,0
3010407501,7620,000007620,0
3019267502,44852,000044852,0
3010817503,4248,000004248,0
3019497501,14920,000014920,0
3019537501,54674,000054674,0
3009467501,3091,000003091,0
1001737502,99735,000099735,0
1004097501,14367,000014367,0
1002147502,136472,000136472,0
3021327504,5800,000005800,0
1001337508,10473,000010473,0
3022327501,5288,000005288,0
3003917501,51400,000051400,0
3009327502,4837,000004837,0
1007607501,33425,000033425,0
1005147503,19622,000019622,0
3022477501,11225,000011225,0
3022647514,32854,000032854,0
4035557501,2918,000002918,0
1019297503,5603,000005603,0
1005017502,37736,000037736,0
1001507502,17538,000017538,0
1019287508,3974,000003974,0
3055007503,4146,000004146,0
3027907503,7310,000007310,0
3029077502,4638,000004638,0
3031947501,21983,000021983,0
3020587501,401418,000401418,0
3053047501,2925,000002925,0
3053047503,3636,000003636,0
3053647503,6152,000006152,0
1004697502,125097,000125097,0
3060927501,8892,000008892,0
3087877501,6315,000006315,0
3054987505,5422,000005422,0
3004647503,7880,000007880,0
1011247501,136189,000136189,0
1013317503,108651,000108651,0
3056227502,8189,000008189,0
3056287505,9399,000009399,0
3056497501,4157,000004157,0
1007927502,34581,000034581,0
1013827501,116104,000116104,0
4102007501,77105,000077105,0
3056977502,4333,000004333,0
2023607501,264464,000264464,0
3063947501,4124,000004124,0
3064007501,6550,000006550,0
3064117501,23964,000023964,0
3024517502,18807,000018807,0
5060177503,97156,000097156,0
3074567501,4384,000004384,0
5057427501,14878,000014878,0
3076387501,4771,000004771,0
5020157501,88016,000088016,0
1007457502,210014,000210014,0
1005147504,10380,000010380,0
3087327502,11889,000011889,0
3086677501,13532,000013532,0
3087947501,11016,000011016,0
4008397502,23369,000023369,0
5000697501,4696,000004696,0
4018407501,5634,000005634,0
3032697501,5554,000005554,0
4038867501,78530,000078530,0
3001407501,1420558,001420558,0
4082867501,100088,000100088,0
4051867502,20360,000020360,0
4050397504,7615,000007615,0
4017737503,4844,000004844,0
4002677502,37616,000037616,0
4082867502,54816,000054816,0
4019337501,4645,000004645,0
4132927501,35529,000035529,0
3004787504,6932,000006932,0
3021537503,6107,000006107,0
5024027501,42218,000042218,0
1014357501,140493,000140493,0
3009837502,5981,000005981,0
3070457501,67162,000067162,0
1018287503,7645,000007645,0
1016437502,9458,000009458,0
5063247501,5257,000005257,0
3022267501,3357,000003357,0
3074127502,13510,000013510,0
3065557501,12900,000012900,0
1006377506,9296,000009296,0
3057037503,4255,000004255,0
4015807501,16850,000016850,0
3030767501,36527,000036527,0
3055987510,5202,000005202,0
3054887502,10654,000010654,0
1009167501,25140,000025140,0
3051077501,68853,000068853,0
2028437501,16235,000016235,0
3058917502,20263,000020263,0
3023407502,172738,000172738,0
1005957503,28078,000028078,0
1001367502,65635,000065635,0
1001417503,13038,000013038,0
1000757501,7795,000007795,0
3024627501,13197,000013197,0
3022647518,32523,000032523,0
3022317504,5987,000005987,0
4031737502,27743,000027743,0
3022267502,2631,000002631,0
3022247501,2800,000002800,0
3021737503,9783,000009783,0
3020207501,3410,000003410,0
3074717501,9444,000009444,0
1005387501,91104,000091104,0
2056427501,112081,000112081,0
4049547502,13701,000013701,0
3087977501,11072,000011072,0
3019257501,108679,000108679,0
3011527506,10768,000010768,0
3011447501,3966,000003966,0
3010877501,5087,000005087,0
3010537507,5420,000005420,0
3010037502,5373,000005373,0
3009397501,5262,000005262,0
1005357501,323092,000323092,0
3009337501,6534,000006534,0
3006467502,8189,000008189,0
3004647502,7433,000007433,0
3021307501,180853,000180853,0
3004287502,7483,000007483,0
3003657501,2762,000002762,0
1010287501,729506,000729506,0
4017857501,7427,000007427,0
2027627501,65137,000065137,0
3019697502,5138,000005138,0
2024047501,94824,000094824,0
1004117502,10611,000010611,0
1011677501,111600,000111600,0
3032307501,8491,000008491,0
3068027502,13677,000013677,0
4034477501,39089,000039089,0
5036437501,11711,000011711,0
3012247501,6712,000006712,0
1017237501,3944,000003944,0
1014467502,141876,000141876,0
1005277501,3734,000003734,0
5046457501,148644,000148644,0
1014097502,128588,000128588,0
1013737501,188941,000188941,0
1013317502,340837,000340837,0
3014177501,194006,000194006,0
1012347501,478400,000478400,0
1012097503,7654,000007654,0
1015147501,25892,000025892,0
3020147501,12969,000012969,0
1018217501,13020,000013020,0
1005257507,8158,000008158,0
1010487504,180441,000180441,0
3017687501,14756,000014756,0
1003977502,29536,000029536,0
3061137501,7110,000007110,0
3019137504,9533,000009533,0
1006357503,3040,000003040,0
3022927501,4123,000004123,0
1005147501,33785,000033785,0
3054237501,16630,000016630,0
1005217504,9017,000009017,0
1008647501,200200,000200200,0
1005447502,141946,000141946,0
4097607501,59534,000059534,0
4017747502,6098,000006098,0
4111577501,1434,000001434,0
1006087504,4040,000004040,0
1014317501,14968,000014968,0
1005377501,29247,000029247,0
1014067502,3964,000003964,0
4052937501,7550,000007550,0
4030307501,9756,000009756,0
3022407513,16862,000016862,0
1005267501,3656,000003656,0
3010767501,4177,000004177,0
3088047505,9254,000009254,0
1004877501,37443,000037443,0
1000527501,35085,000035085,0
3017857501,4055,000004055,0
1004697503,6572,000006572,0
3055937508,5265,000005265,0
3009517503,4537,000004537,0
1006277502,2972,000002972,0
3010987507,3257,000003257,0
1004117504,26214,000026214,0
1003107502,14467,000014467,0
1002987502,9368,000009368,0
1006347501,3328,000003328,0
1004247501,9992,000009992,0
1006427501,11969,000011969,0
1006967501,10382,000010382,0
1007167502,23399,000023399,0
3009147501,44633,000044633,0
3012457501,25695,000025695,0
1005177502,14250,000014250,0
4007287501,9057,000009057,0
1001897508,25015,000025015,0
3005547501,4110,000004110,0
1010897501,94759,000094759,0
1013817502,86910,000086910,0
4156317501,41616,000041616,0
1006127502,20593,000020593,0
1001517501,12053,000012053,0
1007457501,5733,000005733,0
1013507501,113406,000113406,0
1010427501,264932,000264932,0
1007187502,140360,000140360,0
3009837501,7050,000007050,0
1008027502,36420,000036420,0
3088327502,2469,000002469,0
2034327504,141608,000141608,0
1008547501,1630256,001630256,0
3019007508,17311,000017311,0
2041747502,30094,000030094,0
5035857502,133735,000133735,0
1012237501,115297,000115297,0
3073807502,4689,000004689,0
3086647501,18207,000018207,0
3061997501,10927,000010927,0
1005717505,41111,000041111,0
1012127501,182576,000182576,0
1012137501,10904,000010904,0
1001367501,21861,000021861,0
1010537502,3253,000003253,0
3010307508,5949,000005949,0
3022627502,18287,000018287,0
1001947501,30953,000030953,0
1012997501,126498,000126498,0
1016277501,9093,000009093,0
3019007505,14760,000014760,0
3019177501,3563,000003563,0
3011027501,9056,000009056,0
1004057504,34454,000034454,0
2041637501,19485,000019485,0
1014447501,223754,000223754,0
1018487502,26499,000026499,0
3001767502,6316,000006316,0
1015487502,110679,000110679,0
1000767501,158477,000158477,0
4042597503,7592,000007592,0
3013697501,8100,000008100,0
1018317501,8233,000008233,0
1018477506,5021,000005021,0
3030447502,8519,000008519,0
1018797502,10632,000010632,0
1019087504,35232,000035232,0
1019467502,133198,000133198,0
1020237503,30976,000030976,0
1020417502,36188,000036188,0
2023667501,105857,000105857,0
2026097501,273638,000273638,0
2034327502,149544,000149544,0
5024017502,99166,000099166,0
1006277503,3396,000003396,0
2046577501,4679,000004679,0
5023807502,23939,000023939,0
1013857502,300150,000300150,0
3001967501,4183,000004183,0
4062837502,21705,000021705,0
1020687501,5241,000005241,0
1018337505,92431,000092431,0
3003977502,15772,000015772,0
3004037503,5540,000005540,0
3004167502,3647,000003647,0
1013137502,229547,000229547,0
1004277504,514093,000514093,0
3008107502,11664,000011664,0
1001407504,9137,000009137,0
3009247503,19278,000019278,0
1019247501,74087,000074087,0
1020247501,2763,000002763,0
4034087501,5045,000005045,0
4005317501,6920,000006920,0
3010277502,11472,000011472,0
3010817501,3805,000003805,0
3010977503,7108,000007108,0
3025397501,5487,000005487,0
3012887501,4523,000004523,0
3009477501,13732,000013732,0
1006937501,36286,000036286,0
1020347502,6577,000006577,0
3019007502,14095,000014095,0
3019007504,7036,000007036,0
3021477503,23123,000023123,0
1020647501,3833,000003833,0
3019657501,5255,000005255,0
3021347502,181179,000181179,0
2023787501,69112,000069112,0
1006887501,708000,000708000,0
4030487501,18596,000018596,0
3063197501,9066,000009066,0
1006417501,24040,000024040,0
3056357502,3618,000003618,0
2057967501,22166,000022166,0
3001407503,297845,000297845,0
5024507503,118500,000118500,0
3002497501,9561,000009561,0
1019077501,3294,000003294,0
3017107501,159922,000159922,0
4008397501,23355,000023355,0
3056417506,13751,000013751,0
2057087501,65525,000065525,0
3022647510,16637,000016637,0
3022637505,20664,000020664,0
3022897501,44000,000044000,0
4019317501,39712,000039712,0
2054677503,13954,000013954,0
4018637501,4722,000004722,0
1006217502,11499,000011499,0
3026247501,5631,000005631,0
3017177501,78349,000078349,0
3007397501,10880,000010880,0
1014367503,30540,000030540,0
5070387501,100290,000100290,0
1012687501,730175,000730175,0
1000787505,32107,000032107,0
5060177505,109218,000109218,0
3056227501,6107,000006107,0
5037647502,4154,000004154,0
3007697502,14347,000014347,0
3056647501,3366,000003366,0
5034177501,5203,000005203,0
5029227501,13464,000013464,0
5024507502,130868,000130868,0
3069167502,4999,000004999,0
2045457501,104322,000104322,0
2023597501,246902,000246902,0
2057987501,14969,000014969,0
3087727501,13120,000013120,0
3025127501,26414,000026414,0
3002427501,24886,000024886,0
3010747501,3712,000003712,0
3002867504,6336,000006336,0
1005427502,27227,000027227,0
1014477501,194949,000194949,0
3068187501,10158,000010158,0
3004087502,6389,000006389,0
3004647501,13264,000013264,0
3008417501,3693,000003693,0
1015117501,52740,000052740,0
1008087501,1213324,001213324,0
3009587502,7910,000007910,0
3009747502,98567,000098567,0
3010307507,6004,000006004,0
3010337501,3884,000003884,0
3010617501,7073,000007073,0
3011317502,11581,000011581,0
3011587502,4082,000004082,0
1018497501,11357,000011357,0
3069197504,5862,000005862,0
3019137509,10366,000010366,0
5000167501,4316,000004316,0
3009837504,5741,000005741,0
3003507503,6360,000006360,0
2026937502,80857,000080857,0
5030247502,279206,000279206,0
2028757501,83145,000083145,0
3021127501,6169,000006169,0
5078607503,26942,000026942,0
5037657503,3170,000003170,0
4162277501,3239,000003239,0
1020817501,6097,000006097,0
4051367501,7082,000007082,0
3022407502,6586,000006586,0
3022417510,6326,000006326,0
3022417512,6326,000006326,0
3022417514,5815,000005815,0
1006357502,4840,000004840,0
4039307501,116531,000116531,0
4033547501,105191,000105191,0
3027527501,6529,000006529,0
3028337506,20675,000020675,0
4024677501,58644,000058644,0
4017697501,8111,000008111,0
4015187502,107960,000107960,0
3053077502,3509,000003509,0
3053397501,20130,000020130,0
1001527501,31720,000031720,0
3054087502,3828,000003828,0
3055087502,4675,000004675,0
3002627501,8126,000008126,0
3055507502,11615,000011615,0
3057057503,7348,000007348,0
3056907506,8176,000008176,0
3056437503,4334,000004334,0
3056287509,4880,000004880,0
3056617502,5690,000005690,0
3056647503,5587,000005587,0
3055087501,4324,000004324,0
3055007502,4881,000004881,0
3056867501,11933,000011933,0
3054987504,5547,000005547,0
3060717503,8860,000008860,0
3052597501,14702,000014702,0
3062017501,5831,000005831,0
3017157502,13026,000013026,0
3062617502,7890,000007890,0
3030437501,5271,000005271,0
3029647501,35709,000035709,0
3027527503,7247,000007247,0
5037657502,3847,000003847,0
3003517501,5585,000005585,0
1007017501,107530,000107530,0
1007537501,6080,000006080,0
3026187501,14027,000014027,0
3025997501,6187,000006187,0
5060177502,70405,000070405,0
3023697501,7628,000007628,0
5054607502,4247,000004247,0
5037657501,3847,000003847,0
3022497501,42531,000042531,0
5023607502,7158,000007158,0
4015057501,51890,000051890,0
5007747501,21717,000021717,0
4081367501,16431,000016431,0
4068317501,19493,000019493,0
3022247502,22844,000022844,0
4050107501,37255,000037255,0
3019177502,6799,000006799,0
3008747502,12334,000012334,0
3017157507,21185,000021185,0
4063597501,8330,000008330,0
3014637501,203442,000203442,0
4092347501,4560,000004560,0
3011767501,7710,000007710,0
4050417505,18025,000018025,0
3010987503,3257,000003257,0
3002967501,4571,000004571,0
3010297501,6330,000006330,0
3010237503,13248,000013248,0
5036747501,48824,000048824,0
3008957501,11856,000011856,0
3004597501,6263,000006263,0
4049617502,9570,000009570,0
3004037501,5622,000005622,0
2029297501,292853,000292853,0
3009497503,4083,000004083,0
4049527502,10433,000010433,0
1020337502,35756,000035756,0
4033477501,89253,000089253,0
3010307506,6004,000006004,0
3025227501,28221,000028221,0
1015717501,124009,000124009,0
4022397501,225529,000225529,0
1014247501,227773,000227773,0
3022647520,17940,000017940,0
1014227501,27415,000027415,0
1019557501,18591,000018591,0
1005157502,52459,000052459,0
3012417501,21356,000021356,0
1001367504,14500,000014500,0
1009087502,63277,000063277,0
4019627501,7602,000007602,0
3016507501,3793,000003793,0
1012907502,323504,000323504,0
1004617502,10188,000010188,0
2026907502,139094,000139094,0
1012677501,103429,000103429,0
1000297504,19230,000019230,0
3019617502,3689,000003689,0
1019087501,6455,000006455,0
1007737501,30927,000030927,0
3019667504,7557,000007557,0
3019717501,3249,000003249,0
1003927502,11900,000011900,0
1010827501,1082317,001082317,0
1008847501,45634,000045634,0
1018487505,15541,000015541,0
3074227501,6558,000006558,0
4009037501,4625,000004625,0
3022187504,6973,000006973,0
3022417509,6326,000006326,0
3078997501,15608,000015608,0
4006037501,13021,000013021,0
4047327502,28924,000028924,0
3022627508,39038,000039038,0
3088007502,5960,000005960,0
3010927501,3137,000003137,0
3022257502,7018,000007018,0
1008907502,4709,000004709,0
3019487501,10790,000010790,0
1002237501,7396,000007396,0
1008797502,285499,000285499,0
1012857501,1042944,001042944,0
3088017504,5271,000005271,0
5016687501,85153,000085153,0
3022627507,14998,000014998,0
3017157508,21196,000021196,0
3022647511,16637,000016637,0
1007667503,69860,000069860,0
3073997502,14329,000014329,0
1007437501,43197,000043197,0
3055027502,5933,000005933,0
3023357501,84460,000084460,0
3071227502,5763,000005763,0
3068247501,8226,000008226,0
3023587503,11800,000011800,0
3065967501,11960,000011960,0
1014957501,98413,000098413,0
3012997501,3383,000003383,0
1006107502,6416,000006416,0
1005607503,204426,000204426,0
1005577501,104722,000104722,0
3073397501,7341,000007341,0
4161747501,23199,000023199,0
3022357512,20133,000020133,0
3010667501,3629,000003629,0
1003757502,8301,000008301,0
3027527502,6373,000006373,0
3023947501,3348,000003348,0
2029767502,108050,000108050,0
3055917507,4780,000004780,0
1004697504,5533,000005533,0
4008307501,438423,000438423,0
1002157502,58015,000058015,0
1019197501,7314,000007314,0
3009367501,8393,000008393,0
3037717501,111007,000111007,0
3060927503,17202,000017202,0
3052907501,5208,000005208,0
1001477501,16065,000016065,0
3004787502,4908,000004908,0
2058607501,19480,000019480,0
3054077501,5085,000005085,0
2022927501,74842,000074842,0
1019407503,11168,000011168,0
3024217501,14087,000014087,0
3057057505,8480,000008480,0
3054717502,4427,000004427,0
3054957501,61486,000061486,0
3056927501,4545,000004545,0
1001807507,29031,000029031,0
2056437501,27649,000027649,0
3054917505,3734,000003734,0
3056247504,4752,000004752,0
3002867502,20682,000020682,0
3032447501,9312,000009312,0
3074047503,24620,000024620,0
1012247501,3952,000003952,0
3055987502,4583,000004583,0
3054977505,7268,000007268,0
1012257501,3600,000003600,0
2025517501,13916,000013916,0
3056277501,6136,000006136,0
3056617501,3895,000003895,0
3074647501,6866,000006866,0
3055007501,4739,000004739,0
3056637504,3177,000003177,0
3057407501,5947,000005947,0
3064377501,8280,000008280,0
1005177501,23897,000023897,0
3023827501,5158,000005158,0
3057587502,6323,000006323,0
3010987501,4653,000004653,0
4162327501,7420,000007420,0
1001417506,13382,000013382,0
5062447501,8190,000008190,0
2027037501,188342,000188342,0
4015807502,32169,000032169,0
3067597501,11308,000011308,0
3069167503,5271,000005271,0
3054487505,3720,000003720,0
1007417501,8986,000008986,0
1002257502,27798,000027798,0
1007407502,183484,000183484,0
1006087502,6094,000006094,0
3074697503,9788,000009788,0
1001357503,37765,000037765,0
1004687502,8366,000008366,0
3053047504,3503,000003503,0
1004887501,32440,000032440,0
3048147503,2781,000002781,0
3010607501,21225,000021225,0
3044497501,35563,000035563,0
1004947501,6200,000006200,0
4017857502,5294,000005294,0
3087237501,146834,000146834,0
1001327504,10200,000010200,0
4051017502,6152,000006152,0
3011697501,6675,000006675,0
3056727501,9628,000009628,0
1006297503,126277,000126277,0
1006377504,79123,000079123,0
1007467503,163241,000163241,0
3027627502,8307,000008307,0
4012417501,17880,000017880,0
5024027502,113068,000113068,0
3061217501,7847,000007847,0
1005977502,34976,000034976,0
3025997502,7431,000007431,0
1001067502,37646,000037646,0
5070417501,100290,000100290,0
1001507501,56968,000056968,0
3022517503,25243,000025243,0
4046047501,78920,000078920,0
3022407519,16251,000016251,0
1010107501,51546,000051546,0
3022317505,6780,000006780,0
3022017501,3592,000003592,0
3021697508,33117,000033117,0
1019077505,5235,000005235,0
3019857501,7989,000007989,0
4050117502,19858,000019858,0
3019737501,4125,000004125,0
3019507501,5670,000005670,0
1011437503,47849,000047849,0
3018937502,22553,000022553,0
3022407505,4019,000004019,0
3010887501,3799,000003799,0
1012257503,2491,000002491,0
2030137501,267596,000267596,0
1005297505,9279,000009279,0
3010817502,6094,000006094,0
3022257501,6033,000006033,0
1013667501,185600,000185600,0
2026517501,7745,000007745,0
4046727501,14950,000014950,0
1014097503,57429,000057429,0
1005137502,15814,000015814,0
3022767502,7173,000007173,0
4050377501,6145,000006145,0
1000787502,17781,000017781,0
3022967501,131215,000131215,0
3004607501,3912,000003912,0
3087937501,19719,000019719,0
3021877501,6854,000006854,0
1018287505,7310,000007310,0
3003667501,6023,000006023,0
4051937505,7461,000007461,0
2023317501,72532,000072532,0
4015597501,22133,000022133,0
2026187501,684900,000684900,0
3009937501,8360,000008360,0
4017767502,7355,000007355,0
3008547501,4930,000004930,0
3001807501,63730,000063730,0
1010717502,240413,000240413,0
4156657501,5594,000005594,0
3011997501,4872,000004872,0
3000277501,241434,000241434,0
2051417501,165411,000165411,0
2054677504,11308,000011308,0
2056457501,19656,000019656,0
2054677501,13620,000013620,0
5014897503,37367,000037367,0
3003307503,5085,000005085,0
3003327501,5295,000005295,0
3003737501,5835,000005835,0
5033437501,6474,000006474,0
3004357501,4879,000004879,0
3004357502,16091,000016091,0
5038027501,3854,000003854,0
3008697501,4035,000004035,0
3003067502,4576,000004576,0
3009347505,3859,000003859,0
3009437502,3772,000003772,0
3056297503,5201,000005201,0
5015257502,87816,000087816,0
3010917501,5596,000005596,0
4157687501,68688,000068688,0
4114267501,8525,000008525,0
2037087501,205409,000205409,0
1020457503,182794,000182794,0
3017347501,4861,000004861,0
4044147506,12099,000012099,0
3018977502,4556,000004556,0
4030687501,17823,000017823,0
3085437501,14778,000014778,0
3021027501,3591,000003591,0
3022137502,5177,000005177,0
3068827501,6922,000006922,0
3022417533,9521,000009521,0
3022627501,19028,000019028,0
3023837503,38124,000038124,0
3026217501,6082,000006082,0
3062497501,8506,000008506,0
3027437501,17366,000017366,0
1014637501,731550,000731550,0
3065577501,5150,000005150,0
3063807501,6580,000006580,0
3053817501,17751,000017751,0
3058557501,6608,000006608,0
3059287502,7270,000007270,0
1014587501,17321,000017321,0
3057037504,4255,000004255,0
3054587501,9154,000009154,0
3054307504,5520,000005520,0
1001367503,32483,000032483,0
3056237507,4347,000004347,0
3056287506,5537,000005537,0
1014067504,201067,000201067,0
3030407501,8496,000008496,0
3026247502,5631,000005631,0
3020957502,122016,000122016,0
1005737503,9850,000009850,0
5015527501,193762,000193762,0
3066067501,53869,000053869,0
3066927501,5664,000005664,0
3009327503,4415,000004415,0
3008027501,6588,000006588,0
3004097501,13052,000013052,0
1004467501,20743,000020743,0
4020807501,1593212,001593212,0
3082147501,23332,000023332,0
2056067502,20621,000020621,0
3088007503,10275,000010275,0
4000567501,4368,000004368,0
3010987506,3257,000003257,0
4014717501,22793,000022793,0
1020817503,5519,000005519,0
1021797502,84037,000084037,0
1021227501,22052,000022052,0
1014937504,56984,000056984,0
5078607501,39394,000039394,0
4049567502,7647,000007647,0
1018857501,135458,000135458,0
2057097501,95582,000095582,0
3074047504,13925,000013925,0
4051047501,6109,000006109,0
1020077501,25676,000025676,0
4053587501,6704,000006704,0
3056297505,5840,000005840,0
3056187503,4641,000004641,0
4136827501,31569,000031569,0
4158197501,3576,000003576,0
1005937501,25562,000025562,0
1012797501,28884,000028884,0
4162277502,3239,000003239,0
1012387502,26357,000026357,0
1004997506,26691,000026691,0
3010987505,3257,000003257,0
3019617501,8236,000008236,0
1011547502,117357,000117357,0
5046057501,21876,000021876,0
3001407502,977656,000977656,0
5006157501,33547,000033547,0
3057057502,4060,000004060,0
1004757506,19842,000019842,0
2028227501,364696,000364696,0
1008627504,258480,000258480,0
3021737505,10561,000010561,0
3056637507,10336,000010336,0
3022417513,6326,000006326,0
1003777501,5967,000005967,0
1008507501,33120,000033120,0
3055987508,4690,000004690,0
3022107501,9185,000009185,0
5054607501,70248,000070248,0
3002627503,4475,000004475,0
3009827504,5570,000005570,0
3053447503,3874,000003874,0
3023397501,2986,000002986,0
1018817503,50867,000050867,0
3059837501,8480,000008480,0
3008977504,4840,000004840,0
1001457506,11168,000011168,0
4088697501,7856,000007856,0
2023737501,11677,000011677,0
1005757501,11380,000011380,0
1005007506,39207,000039207,0
3021007501,4800,000004800,0
3013337501,75616,000075616,0
1005617501,247908,000247908,0
3019527505,5955,000005955,0
1001437503,25415,000025415,0
4013327501,15000,000015000,0
1004747507,11647,000011647,0
1003507501,38670,000038670,0
3004497501,7151,000007151,0
4156127502,69803,000069803,0
1001337506,23148,000023148,0
1002057502,4095,000004095,0
1004057503,14376,000014376,0
3010517501,4282,000004282,0
1001937506,12731,000012731,0
1001437501,24584,000024584,0
1019287507,4644,000004644,0
1000977502,21450,000021450,0
4006537503,5515,000005515,0
1005957504,75631,000075631,0
1000077502,14894,000014894,0
3021837502,14735,000014735,0
3055927509,4632,000004632,0
3022927503,7289,000007289,0
1018787501,121068,000121068,0
3009947501,4627,000004627,0
4020057503,3938,000003938,0
3027907502,4040,000004040,0
3001927501,13675,000013675,0
3002597501,3777,000003777,0
4000777501,13317,000013317,0
3057107505,4384,000004384,0
3073257503,12939,000012939,0
4051017503,6152,000006152,0
5014857501,20589,000020589,0
3010827502,29171,000029171,0
3024337502,14035,000014035,0
3030407503,26829,000026829,0
5021537501,41310,000041310,0
2058517501,74516,000074516,0
2023697501,55098,000055098,0
3001847501,3320,000003320,0
3054427502,6190,000006190,0
4017277501,44694,000044694,0
3055927512,7240,000007240,0
1016607501,8120,000008120,0
4161797501,20748,000020748,0
3069247503,14377,000014377,0
3052777501,3536,000003536,0
3056447501,8302,000008302,0
1006927501,40203,000040203,0
3059357501,14930,000014930,0
3059127501,6350,000006350,0
3058567501,4608,000004608,0
3061597501,4652,000004652,0
3056367501,3279,000003279,0
3056157503,6451,000006451,0
3064267501,8940,000008940,0
3066227502,52157,000052157,0
1001477508,47441,000047441,0
3054917507,4752,000004752,0
3069197505,12675,000012675,0
3072617501,9280,000009280,0
3054337505,5919,000005919,0
3074717503,6922,000006922,0
3083747504,47268,000047268,0
3009427503,39019,000039019,0
4004207501,543946,000543946,0
4005707502,12712,000012712,0
4005747501,8066,000008066,0
2029807501,17696,000017696,0
3022637506,24704,000024704,0
4012847501,8532,000008532,0
3022307506,9616,000009616,0
4015447501,16773,000016773,0
4017747504,6095,000006095,0
3022247504,22704,000022704,0
4021187501,481406,000481406,0
3021697505,5306,000005306,0
4044097504,8786,000008786,0
3021487501,7991,000007991,0
4051347503,38020,000038020,0
3020187501,9563,000009563,0
3014937501,6238,000006238,0
4071157502,6548,000006548,0
5012547501,23584,000023584,0
5023907501,35168,000035168,0
5024507511,125117,000125117,0
4092347502,8368,000008368,0
2023827502,83351,000083351,0
3004037502,5681,000005681,0
3010857501,4684,000004684,0
1005487501,512503,000512503,0
1005307503,15483,000015483,0
3010427501,31963,000031963,0
3010417501,56353,000056353,0
3009827502,5693,000005693,0
3086697501,11419,000011419,0
3009587501,15780,000015780,0
3009257501,9903,000009903,0
3008767505,4863,000004863,0
3008327501,9515,000009515,0
3004787505,14086,000014086,0
1004837502,55460,000055460,0
3004447501,67824,000067824,0
3002437501,8960,000008960,0
3001897501,5948,000005948,0
3001797503,148500,000148500,0
1000757502,6950,000006950,0
4050377505,20387,000020387,0
3003077501,6096,000006096,0
3011537501,10259,000010259,0
1018967501,69280,000069280,0
2037107501,60522,000060522,0
2034327501,296644,000296644,0
1022157501,26106,000026106,0
1002247502,8070,000008070,0
1020447502,35390,000035390,0
1019877501,32181,000032181,0
1019227501,17256,000017256,0
1019077502,2790,000002790,0
1018597501,64105,000064105,0
1005877502,5560,000005560,0
1018417502,7795,000007795,0
1002947501,10450,000010450,0
1008037503,23760,000023760,0
3003827501,15316,000015316,0
1007207502,8408,000008408,0
1004057502,13905,000013905,0
3011817502,83559,000083559,0
1000787507,97798,000097798,0
3047937504,8920,000008920,0
2031567501,73558,000073558,0
1012367501,153384,000153384,0
1011707501,257564,000257564,0
1018627501,39293,000039293,0
3022637511,16845,000016845,0
3064377502,27840,000027840,0
3021657501,85046,000085046,0
5024507505,88228,000088228,0
1015017501,582673,000582673,0
4092577501,3082,000003082,0
1009117501,42035,000042035,0
1008427501,175750,000175750,0
1011467501,82100,000082100,0
5031737503,137939,000137939,0
1007907502,343534,000343534,0
3003267501,5500,000005500,0
1006317501,59563,000059563,0
1012297503,12175,000012175,0
1006197502,17297,000017297,0
2023697502,157733,000157733,0
3011607502,3798,000003798,0
1005537501,55113,000055113,0
1005317503,5850,000005850,0
3056067501,20594,000020594,0
1011797501,547520,000547520,0
1005127503,29057,000029057,0
3003847502,5442,000005442,0
1019147501,3231,000003231,0
1003537502,12307,000012307,0
1017247503,24797,000024797,0
1008907503,33585,000033585,0
3018087501,28681,000028681,0
1002107501,35344,000035344,0
3017857505,3868,000003868,0
1001957501,18020,000018020,0
1001947502,8613,000008613,0
1013277501,146549,000146549,0
1001907506,81306,000081306,0
3021697501,7680,000007680,0
3017837502,4216,000004216,0
1013737502,195990,000195990,0
2054797501,25376,000025376,0
1011497502,5520,000005520,0
1009457501,684088,000684088,0
3002757502,16420,000016420,0
1005427501,21842,000021842,0
1018937501,179274,000179274,0
2048517501,17727,000017727,0
4050537501,11521,000011521,0
3055987507,6764,000006764,0
3031317501,58498,000058498,0
3021737504,14884,000014884,0
3053947501,4002,000004002,0
3008747501,5200,000005200,0
1015167502,436090,000436090,0
1018477501,7622,000007622,0
5015257501,87272,000087272,0
3073567501,7440,000007440,0
3063087501,7776,000007776,0
1000787503,38610,000038610,0
5024017501,108248,000108248,0
2026867501,12275,000012275,0
1008227502,8875,000008875,0
1003547501,10040,000010040,0
3017157503,18082,000018082,0
3027587501,8194,000008194,0
1008447502,18192,000018192,0
3023987501,9726,000009726,0
3009537502,3316,000003316,0
4015427502,36164,000036164,0
1020597503,3656,000003656,0
1006087505,11780,000011780,0
4010307501,179435,000179435,0
5070557501,76150,000076150,0
4000327501,18375,000018375,0
3053727501,5321,000005321,0
1000787506,26923,000026923,0
1000787508,81199,000081199,0
3009527506,4498,000004498,0
3056857504,7634,000007634,0
1017697501,78087,000078087,0
1010207501,238667,000238667,0
1001327505,11118,000011118,0
5024017503,106672,000106672,0
3029167502,7278,000007278,0
1001437502,20243,000020243,0
1020597502,3865,000003865,0
1003857501,51716,000051716,0
4092577502,3101,000003101,0
3019647501,3976,000003976,0
1001807511,22047,000022047,0
3069167501,7060,000007060,0
3031377501,138761,000138761,0
3022427503,33566,000033566,0
2029847503,130760,000130760,0
3022427502,4821,000004821,0
1003897501,27154,000027154,0
2054997501,19749,000019749,0
1002317503,17400,000017400,0
1019147502,41360,000041360,0
1016457502,41172,000041172,0
1004687501,23558,000023558,0
3064177501,7356,000007356,0
3004327501,25881,000025881,0
3003517502,7592,000007592,0
3007947501,8173,000008173,0
3004747501,5929,000005929,0
2023677502,149664,000149664,0
5054757501,44928,000044928,0
1005067501,311477,000311477,0
5012727501,8144,000008144,0
1005217502,8019,000008019,0
4050177502,11431,000011431,0
2029347501,24620,000024620,0
3087467501,11252,000011252,0
2026677501,27552,000027552,0
2055017501,10314,000010314,0
3056837503,7861,000007861,0
3056047506,18632,000018632,0
3053627502,7290,000007290,0
3018407501,11582,000011582,0
3010987504,3257,000003257,0
3017157509,20563,000020563,0
1013787501,35865,000035865,0
5011247501,4146,000004146,0
3010297506,10678,000010678,0
1002317502,8328,000008328,0
3073807501,10420,000010420,0
4162317501,5984,000005984,0
3083427501,104729,000104729,0
1004647503,20641,000020641,0
3022057501,3512,000003512,0
1008637501,110423,000110423,0
3018867503,29450,000029450,0
3009287501,7621,000007621,0
2031547501,73724,000073724,0
3001587501,38402,000038402,0
4019017501,6273,000006273,0
1007177503,4420,000004420,0
1006227502,1712,000001712,0
1004257503,11604,000011604,0
3067607501,8696,000008696,0
3053047502,3297,000003297,0
3020997501,4160,000004160,0
1013087501,1835280,001835280,0
1013387503,102986,000102986,0
1006437501,11362,000011362,0
1013447502,144834,000144834,0
1013377502,586305,000586305,0
1013857501,22698,000022698,0
2054177501,11350,000011350,0
1006227501,2985,000002985,0
1000477501,1736513,001736513,0
1008507505,10250,000010250,0
3021867501,95105,000095105,0
3009747501,48738,000048738,0
4093337501,51187,000051187,0
4049817502,4648,000004648,0
3019797501,7370,000007370,0
1021797503,20546,000020546,0
2023677501,111173,000111173,0
1005007503,37918,000037918,0
2026967501,95166,000095166,0
2029857501,102885,000102885,0
2030337501,246320,000246320,0
2034327505,197784,000197784,0
1011287503,7414,000007414,0
1017457501,112576,000112576,0
3056457502,20366,000020366,0
1013737505,556913,000556913,0
3003977501,3958,000003958,0
1014067501,8118,000008118,0
4018387504,8554,000008553,-1
3011047503,9165,000009164,-1
4018387501,6843,000006842,-1
3020337501,132510,000132509,-1
4017667501,23727,000023726,-1
4018687501,3191,000003190,-1
1008747501,48850,000048849,-1
3009157501,11733,000011732,-1
3017157501,22023,000022022,-1
1004927502,15759,000015758,-1
3017627503,4882,000004881,-1
1007367501,144243,000144242,-1
4051057502,24106,000024105,-1
1008977501,55264,000055263,-1
1007697507,8288,000008287,-1
2025827501,126884,000126883,-1
4050637502,8445,000008444,-1
1018417503,214360,000214358,-2
4161377502,51940,000051938,-2
4049817503,4146,000004144,-2
1002797502,58295,000058293,-2
1014137502,7543,000007541,-2
1016467502,490810,000490807,-3
4068017501,34686,000034683,-3
4051867501,57602,000057599,-3
3072607503,11559,000011556,-3
1004107501,114397,000114394,-3
1004577501,23188,000023184,-4
5031737501,186308,000186303,-5
3066997501,30412,000030406,-6
1012207506,37756,000037750,-6
1002147503,109390,000109382,-8
4076747501,212542,000212533,-9
3003907503,3916,000003906,-10
3038077501,22411,000022401,-10
1008507506,67426,000067414,-12
4053157502,6700,000006688,-12
4162197501,10672,000010660,-12
1011657504,5297,000005284,-13
1013477501,199371,000199356,-15
1002057501,33031,000033015,-16
3018867504,24789,000024772,-17
3019137512,17259,000017241,-18
1005307504,20820,000020800,-20
3017897503,3401,000003381,-20
4162357504,13431,000013400,-31
1004717502,10575,000010544,-31
3003507501,5089,000005056,-33
3022647506,4899,000004863,-36
4030977502,7001,000006960,-41
1005257505,21565,000021520,-45
4005417501,38587,000038537,-50
1008017502,53491,000053439,-52
5011867501,2783,000002724,-59
3064417502,6286,000006225,-61
3024087501,17829,000017766,-63
4034817501,5641,000005578,-63
1013817504,48247,000048182,-65
3055987516,4639,000004569,-70
1018207503,103731,000103659,-72
1004977502,45352,000045280,-72
1001357505,14834,000014760,-74
3009747504,58585,000058506,-79
1009037502,338689,000338606,-83
4028697501,9825,000009738,-87
4032387504,9600,000009512,-88
4013367501,52088,000052000,-88
3066437501,29422,000029330,-92
4028857502,9987,000009892,-95
3056847501,4075,000003978,-97
2041747501,18886,000018788,-98
3056077502,3124,000003023,-101
1005407501,19784,000019680,-104
1020417501,2404,000002298,-106
1020597501,9575,000009462,-113
3052737501,5817,000005700,-117
4050247503,18024,000017905,-119
1001817501,17140,000017021,-119
1002157501,29572,000029453,-119
4097137501,9281,000009151,-130
4017417501,14782,000014650,-132
1020427501,2850,000002714,-136
1000537501,67009,000066872,-137
4006607502,12090,000011950,-140
1005947507,13282,000013140,-142
3065987501,8358,000008210,-148
1012807501,1044054,001043906,-148
4050417506,7821,000007668,-153
3063707504,13385,000013232,-153
3034147501,4009,000003847,-162
3088157501,136333,000136169,-164
1006957501,7005,000006840,-165
1001897507,70189,000070023,-166
4013007501,6920,000006754,-166
4018857501,5319,000005148,-171
1004837501,10961,000010784,-177
1005927502,10002,000009816,-186
1004347503,3807,000003618,-189
4097127501,24290,000024100,-190
1007697505,72303,000072112,-191
1014127501,56487,000056287,-200
4012237502,5299,000005097,-202
4012237501,5299,000005097,-202
1001477504,11704,000011500,-204
1002047501,99233,000099025,-208
4018667505,4722,000004510,-212
4018667504,4722,000004510,-212
3008727502,2996,000002760,-236
4028857501,49347,000049107,-240
3054087501,7998,000007756,-242
3025317501,7980,000007728,-252
4013107501,14124,000013870,-254
1001887501,22142,000021882,-260
4000157501,60434,000060174,-260
4068977501,6719,000006443,-276
1007937505,108969,000108689,-280
1019037502,9837,000009556,-281
4005037502,77196,000076910,-286
3003847501,3500,000003212,-288
3005317501,2852,000002564,-288
3068647501,9350,000009058,-292
4013007502,10243,000009943,-300
4005797501,29328,000029028,-300
4006547501,5950,000005650,-300
1004747505,32928,000032613,-315
3073197501,9343,000009017,-326
3063717501,8094,000007764,-330
4011837501,23922,000023579,-343
4013337501,4363,000004020,-343
4013337502,4368,000004020,-348
3010677501,5012,000004656,-356
4018437501,1091866,001091497,-369
1019957501,43026,000042653,-373
3007937504,14882,000014482,-400
4009037502,4625,000004225,-400
4162347501,15608,000015205,-403
4024677502,17073,000016660,-413
1005297502,38147,000037710,-437
3021167501,12364,000011918,-446
1008007503,19850,000019400,-450
3009867501,11162,000010704,-458
3011027503,6465,000006000,-465
4039167507,70141,000069667,-474
4038837501,6558,000006078,-480
4019817501,4376,000003879,-497
4018667501,8439,000007941,-498
1008767502,12651,000012140,-511
3082377501,25650,000025131,-519
3062897501,7378,000006850,-528
1002147501,15532,000015000,-532
3064177503,9445,000008912,-533
3022377503,5783,000005250,-533
3064117503,7644,000007108,-536
3024177503,14356,000013812,-544
3028297501,9310,000008761,-549
1009137501,3934,000003384,-550
4017827502,13005,000012444,-561
3070407501,7779,000007200,-579
1014497502,189354,000188767,-587
4030497501,11750,000011150,-600
3068637502,7855,000007245,-610
3071177501,6102,000005490,-612
4019547501,6091,000005471,-620
4025007501,16092,000015466,-626
1005187502,16418,000015778,-640
1001947503,10442,000009800,-642
3026977503,15107,000014461,-646
3067997501,9710,000009050,-660
1019457503,111188,000110520,-668
4063567501,15511,000014827,-684
1007907501,3337,000002640,-697
4017687501,14387,000013689,-698
1000757503,16976,000016273,-703
3087207508,9936,000009216,-720
1006387502,32207,000031455,-752
4013107502,11218,000010461,-757
1004997501,28121,000027363,-758
4051057505,64569,000063809,-760
3064137501,11243,000010479,-764
4162307501,7654,000006878,-776
3057587501,12777,000012001,-776
3053987501,9126,000008340,-786
3064027504,15278,000014490,-788
1003097501,36388,000035589,-799
1001817506,11294,000010493,-801
3074427501,9975,000009166,-809
4050207501,19194,000018370,-824
3071497501,13548,000012714,-834
4030977505,64531,000063693,-838
4050057501,79634,000078792,-842
4017477501,9999,000009153,-846
3015117501,6314,000005460,-854
4114407501,53258,000052400,-858
3005777501,12762,000011898,-864
3086627506,9564,000008691,-873
4050397506,16545,000015671,-874
1005257506,98134,000097248,-886
3068897501,34755,000033866,-889
1019427501,35977,000035082,-895
3008767503,11159,000010259,-900
1013377501,258289,000257389,-900
4051057506,7158,000006258,-900
3069177501,9024,000008124,-900
4015077501,8805,000007899,-906
3088107503,9153,000008235,-918
3061567501,12328,000011410,-918
3071677503,8858,000007940,-918
3066017501,23806,000022888,-918
3074697504,10350,000009432,-918
3064127501,9879,000008961,-918
1001427502,403941,000403019,-922
3054907502,7358,000006435,-923
1006217503,16914,000015989,-925
4018667502,4722,000003777,-945
3087917501,3422,000002462,-960
4044097501,8563,000007597,-966
3017157506,21292,000020318,-974
4004157501,76595,000075617,-978
4017817504,25885,000024900,-985
4108277501,7184,000006182,-1002
4039237501,11016,000010000,-1016
4031697501,65687,000064664,-1023
4016117501,10452,000009424,-1028
4019987501,8437,000007407,-1030
3054227501,7902,000006864,-1038
4098847501,46590,000045550,-1040
1004757507,14216,000013159,-1057
4030557501,10939,000009868,-1071
1004997502,51338,000050260,-1078
1005127501,122539,000121453,-1086
1020817502,4623,000003528,-1095
4016127501,9794,000008697,-1097
3023637501,140998,000139901,-1097
1005187501,9108,000008011,-1097
4051867503,35602,000034500,-1102
1004787502,8344,000007234,-1110
3032487502,30469,000029358,-1111
1015487501,22697,000021582,-1115
5029987502,5727,4608,-1119
3003237501,7308,000006157,-1151
3002077501,53568,000052396,-1172
1007997501,36462,000035290,-1172
1005947501,80336,000079136,-1200
3087717501,12747,000011523,-1224
3073257507,21570,20346,-1224
4051937503,20245,000019008,-1237
3000517501,65045,000063771,-1274
1006017502,43810,000042528,-1282
3064007502,17202,000015918,-1284
3069247506,12678,000011383,-1295
1001417501,17796,000016500,-1296
4017817501,28644,000027320,-1324
4005107501,18866,000017525,-1341
1004347501,16425,000015079,-1346
3004787503,24467,000023120,-1347
4001587501,26398,000025035,-1363
3054687503,48364,000047000,-1364
4031597501,78772,000077400,-1372
4023247501,122913,000121536,-1377
3014277501,31737,000030360,-1377
1004987501,22143,000020758,-1385
4013377503,22673,000021280,-1393
1007937503,5669,000004232,-1437
4062837501,14100,000012660,-1440
1008237502,36827,000035377,-1450
3022187501,15121,000013630,-1491
4050427504,126843,000125348,-1495
3056627502,3602,000002096,-1506
4013227501,8969,000007452,-1517
4034947502,10513,000008991,-1522
1005007502,46055,000044530,-1525
3064027503,20003,000018473,-1530
4019687501,6074,000004524,-1550
1001807510,15330,000013776,-1554
4014977501,7900,000006345,-1555
1001507503,12044,000010466,-1578
3020957501,27486,000025865,-1621
3072987501,13344,000011718,-1626
1005717503,24842,000023215,-1627
3056347503,2878,000001200,-1678
3010487504,23163,000021480,-1683
4028917502,20011,000018328,-1683
4049767501,115728,000114044,-1684
3002537501,3969,000002280,-1689
4013377501,63971,000062254,-1717
3080367501,20523,000018795,-1728
3024557503,5699,000003970,-1729
1002297501,21320,000019500,-1820
3057687502,9040,000007204,-1836
3024657501,15274,000013422,-1852
3022377502,7109,000005250,-1859
3002607502,6026,000004160,-1866
4049807501,5625,000003750,-1875
4006767501,26147,000024270,-1877
1019027503,8037,000006156,-1881
1001787502,31876,000029982,-1894
1001457505,10204,000008300,-1904
4049607502,33597,000031691,-1906
3027197501,30944,000029024,-1920
4155647501,15068,000013140,-1928
3010967501,9545,000007612,-1933
3017347510,12338,000010403,-1935
3003487501,22672,000020672,-2000
4097937501,16141,000014133,-2008
3019317501,31118,000029054,-2064
4003417501,75019,000072904,-2115
4050257501,21953,000019811,-2142
3003207502,72545,000070403,-2142
3030237502,7427,000005280,-2147
1001937503,14684,000012513,-2171
3025117501,47387,000045185,-2202
3028757501,27118,000024897,-2221
4051317501,28290,000026060,-2230
4000167502,94943,000092698,-2245
3000557501,46010,000043747,-2263
4097367501,32233,000029969,-2264
1002257501,84822,000082548,-2274
3063157502,35100,000032798,-2302
3054247501,11313,000009010,-2303
1020607501,13210,000010905,-2305
4011137501,291454,000289100,-2354
3074347503,6336,000003968,-2368
1007937502,27892,000025516,-2376
3004787501,27182,000024769,-2413
3027737503,37030,000034582,-2448
1001947505,15632,000013159,-2473
3080387502,30785,000028308,-2477
3028577505,12434,000009954,-2480
4051057501,17933,000015435,-2498
4114447501,108096,000105588,-2508
3065787501,30797,000028240,-2557
4067997502,10273,000007671,-2602
1002287501,27572,000024955,-2617
1010517501,289281,000286663,-2618
3024157501,30873,000028186,-2687
3011127502,33210,000030523,-2687
1018837501,163354,000160658,-2696
4098447501,8418,000005677,-2741
3023407503,282928,000280164,-2764
1009217501,15781,000012942,-2839
1004917501,12296,000009426,-2870
4009047501,20132,000017250,-2882
1005217501,15149,000012235,-2914
4050527501,27597,000024680,-2917
3003967501,100085,000097139,-2946
1004437501,13845,000010892,-2953
4015267501,118319,000115364,-2955
1001347505,147304,000144330,-2974
4032557501,47289,000044220,-3069
3073257504,20288,000017109,-3179
4099447501,25988,000022775,-3213
1004887502,16390,000013109,-3281
4054597501,13778,000010490,-3288
3017157504,18218,000014869,-3349
1004857501,34389,000031024,-3365
4005397501,23506,000020086,-3420
1001897504,12797,000009375,-3422
3019537503,93648,000090215,-3433
1004777501,84365,000080862,-3503
1004737503,38090,000034580,-3510
3014297502,54181,000050668,-3513
3011677501,53536,000050018,-3518
4161247502,7102,000003581,-3521
4139407501,129197,000125592,-3605
4030577502,17283,000013600,-3683
4045167501,42882,000039140,-3742
3087207509,156609,000152838,-3771
4000307501,140142,000136220,-3922
3068877501,14569,000010639,-3930
1001907501,32426,000028431,-3995
4161137502,96935,000092862,-4073
3003207503,83275,000079058,-4217
3022977502,98447,000094200,-4247
3023317501,10530,000006231,-4299
4058437503,361955,000357648,-4307
4033217504,84143,000079765,-4378
4039167502,90089,000085560,-4529
3080387501,41990,000037459,-4531
1019027502,10343,000005787,-4556
3064417503,12913,000008323,-4590
4050437501,102000,000097256,-4744
1001997501,48208,000043326,-4882
3021207501,62097,000057033,-5064
3022977501,57062,000051803,-5259
1001817502,29305,000023871,-5434
3009497502,55218,000049768,-5450
4115567501,46697,000041244,-5453
1011587503,496240,000490768,-5472
3027217502,52377,000046869,-5508
3056777503,5615,000000001,-5614
4030977503,45506,000039840,-5666
4003147501,28930,000023254,-5676
3002697501,342694,000336878,-5816
1005977501,27356,000021356,-6000
1001887503,102511,000096504,-6007
4008397503,56011,000049987,-6024
4030967501,32935,000026888,-6047
3019267501,12208,000006056,-6152
3017347513,12110,000005941,-6169
4065487501,251874,000245600,-6274
4014697501,72178,000065816,-6362
4050487501,41064,000034587,-6477
4050027501,50572,000043962,-6610
4049787501,424747,000418000,-6747
3087797501,98250,000091316,-6934
4019777501,22004,000014987,-7017
4000527501,41433,000034355,-7078
1004767501,21175,000014079,-7096
3013097501,72232,000065071,-7161
3021687502,27731,000020425,-7306
4039077501,163806,000156144,-7662
4067987501,10592,000002641,-7951
4139427501,106227,000098132,-8095
1019457502,90095,000082000,-8095
1004747504,40447,000032157,-8290
2033117501,143577,000135153,-8424
4005347501,44778,000035783,-8995
4051937504,10049,000001049,-9000
3021657502,92535,000083403,-9132
3087637501,10371,000001046,-9325
3022347505,13267,000003656,-9611
3009977501,15600,000005800,-9800
4058437502,181305,000171330,-9975
4076217501,167194,000156994,-10200
1019437503,153107,000142577,-10530
3064347501,30584,000020032,-10552
4053337501,20922,000010238,-10684
3022307507,24518,000013827,-10691
4053757501,12018,000001071,-10947
4028567501,91130,000080080,-11050
3027147501,26370,000015015,-11355
4028827501,13436,000002000,-11436
4022527501,67253,000055570,-11683
1019467501,79146,000067413,-11733
3017347503,48243,000036416,-11827
4027157501,16709,000004853,-11856
4051257502,90468,000077943,-12525
4051867504,44288,000030740,-13548
4092457501,30500,000016700,-13800
4082927501,90173,000076230,-13943
3064467501,18353,000004180,-14173
5015487501,115921,000101414,-14507
4032397501,208336,000193664,-14672
1008617501,28730,000013726,-15004
1015347502,23785,000008600,-15185
1010487502,461930,000445975,-15955
4005047501,71588,000055575,-16013
4113667501,42304,000026106,-16198
4050227502,150206,000132930,-17276
3001987501,31975,000014368,-17607
1005257501,177431,000159626,-17805
3087847501,32539,000014526,-18013
4032347501,69577,000050985,-18592
3033287501,61327,000042358,-18969
4017737501,20329,000000004,-20325
1008337502,242364,000221805,-20559
1019107501,284579,000263670,-20909
5020877501,81504,000060416,-21088
1010187501,387923,000366036,-21887
4161767501,74674,000052420,-22254
4002497501,328087,000300000,-28087
4076547501,87288,000058080,-29208
4002757501,166432,000136311,-30121
3012477501,47487,000016787,-30700
1005717502,109696,000078740,-30956
3045867501,249087,000216452,-32635
1015697502,229976,000196806,-33170
2027427501,356591,000314448,-42143
5002307502,75092,000025229,-49863
4033587501,74558,000022211,-52347
4026117501,187259,000134300,-52959
1008707501,1071822,001015671,-56151
4005987501,71097,000014450,-56647
1010107504,95540,000033825,-61715
4047327501,172490,000107370,-65120
1018227502,86191,000016133,-70058
5031737502,126152,000054894,-71258
5024517501,126456,000035212,-91244
2042267502,669018,000538584,-130434
4082867504,149171,000009282,-139889
5001107501,166056,0,-166056
3000317502,171382,000005000,-166382
1007217501,668258,000333837,-334421
4058937501,960850,000150176,-810674
